/*--------------------------------*- C++ -*----------------------------------*\
| =========                 |                                                 |
| \\      /  F ield         | OpenFOAM: The Open Source CFD Toolbox           |
|  \\    /   O peration     | Version:  2.3.1                                 |
|   \\  /    A nd           | Web:      www.OpenFOAM.org                      |
|    \\/     M anipulation  |                                                 |
\*---------------------------------------------------------------------------*/
FoamFile
{
    version     2.0;
    format      ascii;
    class       volScalarField;
    location    "1e-06";
    object      T;
}
// * * * * * * * * * * * * * * * * * * * * * * * * * * * * * * * * * * * * * //

dimensions      [0 0 0 1 0 0 0];

internalField   nonuniform List<scalar> 
10000
(
64.3484
64.3717
64.3951
64.4185
64.4418
64.4652
64.4886
64.5119
64.5353
64.5587
64.582
64.6054
64.6288
64.6521
64.6755
64.6989
64.7222
64.7456
64.769
64.7923
64.8157
64.8391
64.8625
64.8858
64.9092
64.9326
64.9559
64.9793
65.0027
65.026
65.0494
65.0728
65.0961
65.1195
65.1429
65.1662
65.1896
65.213
65.2363
65.2597
65.2831
65.3064
65.3298
65.3532
65.3765
65.3999
65.4233
65.4466
65.47
65.4934
65.5167
65.5401
65.5635
65.5868
65.6102
65.6336
65.6569
65.6803
65.7037
65.7271
65.7504
65.7738
65.7972
65.8205
65.8439
65.8673
65.8906
65.914
65.9374
65.9607
65.9841
66.0075
66.0308
66.0542
66.0776
66.1009
66.1243
66.1477
66.171
66.1944
66.2178
66.2411
66.2645
66.2879
66.3112
66.3346
66.358
66.3813
66.4047
66.4281
66.4514
66.4748
66.4982
66.5215
66.5449
66.5683
66.5916
66.615
66.6384
66.6617
66.6851
66.7085
66.7319
66.7552
66.7786
66.802
66.8253
66.8487
66.8721
66.8954
66.9188
66.9422
66.9655
66.9889
67.0123
67.0356
67.059
67.0824
67.1057
67.1291
67.1525
67.1758
67.1992
67.2226
67.2459
67.2693
67.2927
67.316
67.3394
67.3628
67.3861
67.4095
67.4329
67.4562
67.4796
67.503
67.5263
67.5497
67.5731
67.5965
67.6198
67.6432
67.6666
67.6899
67.7133
67.7367
67.76
67.7834
67.8068
67.8301
67.8535
67.8769
67.9002
67.9236
67.947
67.9703
67.9937
68.0171
68.0404
68.0638
68.0872
68.1105
68.1339
68.1573
68.1806
68.204
68.2274
68.2507
68.2741
68.2975
68.3208
68.3442
68.3676
68.3909
68.4143
68.4377
68.461
68.4844
68.5078
68.5311
68.5545
68.5779
68.6013
68.6246
68.648
68.6714
68.6947
68.7181
68.7415
68.7648
68.7882
68.8116
68.8349
68.8583
68.8817
68.905
68.9284
68.9518
68.9751
68.9985
69.0219
69.0452
69.0686
69.092
69.1153
69.1387
69.1621
69.1854
69.2088
69.2322
69.2555
69.2789
69.3023
69.3256
69.349
69.3724
69.3957
69.4191
69.4425
69.4659
69.4892
69.5126
69.536
69.5593
69.5827
69.6061
69.6294
69.6528
69.6762
69.6995
69.7229
69.7463
69.7696
69.793
69.8164
69.8397
69.8631
69.8865
69.9098
69.9332
69.9566
69.9799
70.0033
70.0267
70.05
70.0734
70.0968
70.1201
70.1435
70.1669
70.1902
70.2136
70.237
70.2603
70.2837
70.3071
70.3304
70.3538
70.3772
70.4005
70.4239
70.4473
70.4707
70.494
70.5174
70.5408
70.5641
70.5875
70.6109
70.6342
70.6576
70.681
70.7043
70.7277
70.7511
70.7744
70.7978
70.8212
70.8445
70.8679
70.8913
70.9146
70.938
70.9614
70.9847
71.0081
71.0315
71.0548
71.0782
71.1016
71.1249
71.1483
71.1717
71.195
71.2184
71.2418
71.2651
71.2885
71.3119
71.3353
71.3586
71.382
71.4054
71.4287
71.4521
71.4755
71.4988
71.5222
71.5456
71.5689
71.5923
71.6157
71.639
71.6624
71.6858
71.7091
71.7325
71.7559
71.7792
71.8026
71.826
71.8493
71.8727
71.8961
71.9194
71.9428
71.9662
71.9895
72.0129
72.0363
72.0596
72.083
72.1064
72.1297
72.1531
72.1765
72.1998
72.2232
72.2466
72.2699
72.2933
72.3167
72.3401
72.3634
72.3868
72.4102
72.4335
72.4569
72.4803
72.5036
72.527
72.5504
72.5737
72.5971
72.6205
72.6438
72.6672
72.6906
72.7139
72.7373
72.7607
72.784
72.8074
72.8308
72.8541
72.8775
72.9009
72.9242
72.9476
72.971
72.9943
73.0177
73.0411
73.0644
73.0878
73.1112
73.1345
73.1579
73.1813
73.2047
73.228
73.2514
73.2748
73.2981
73.3215
73.3449
73.3682
73.3916
73.415
73.4383
73.4617
73.4851
73.5084
73.5318
73.5552
73.5785
73.6019
73.6253
73.6486
73.672
73.6954
73.7187
73.7421
73.7655
73.7888
73.8122
73.8356
73.8589
73.8823
73.9057
73.929
73.9524
73.9758
73.9991
74.0225
74.0459
74.0692
74.0926
74.116
74.1393
74.1627
74.1861
74.2095
74.2328
74.2562
74.2796
74.3029
74.3263
74.3497
74.373
74.3964
74.4198
74.4431
74.4665
74.4899
74.5132
74.5366
74.56
74.5833
74.6067
74.6301
74.6534
74.6768
74.7002
74.7235
74.7469
74.7703
74.7936
74.817
74.8404
74.8637
74.8871
74.9105
74.9338
74.9572
74.9806
75.0039
75.0273
75.0507
75.074
75.0974
75.1208
75.1442
75.1675
75.1909
75.2143
75.2376
75.261
75.2844
75.3077
75.3311
75.3545
75.3778
75.4012
75.4246
75.4479
75.4713
75.4947
75.518
75.5414
75.5648
75.5881
75.6115
75.6349
75.6582
75.6816
75.705
75.7283
75.7517
75.7751
75.7984
75.8218
75.8452
75.8685
75.8919
75.9153
75.9386
75.962
75.9854
76.068
76.0321
76.0555
76.0789
76.1022
76.1256
76.149
76.1723
76.1957
76.2191
76.2424
76.2658
76.2892
76.3125
76.3359
76.3593
76.3826
76.406
76.4294
76.4527
76.4761
76.4995
76.5228
76.5462
76.5696
76.5929
76.6163
76.6397
76.663
76.6864
76.7098
76.7331
76.7565
76.7799
76.8032
76.8266
76.85
76.8733
76.8967
76.9201
76.9434
76.9668
76.9902
77.0136
77.0369
77.0603
77.0837
77.107
77.1304
77.1538
77.1771
77.2005
77.2239
77.2472
77.2706
77.294
77.3173
77.3407
77.3641
77.3874
77.4108
77.4342
77.4575
77.4809
77.5043
77.5276
77.551
77.5744
77.5977
77.6211
77.6445
77.6678
77.6912
77.7146
77.7379
77.7613
77.7847
77.808
77.8314
77.8548
77.8782
77.9015
77.9249
77.9483
77.9716
77.995
78.0184
78.0417
78.0651
78.0885
78.1118
78.1352
78.1586
78.1819
78.2053
78.2287
78.252
78.2754
78.2988
78.3221
78.3455
78.3689
78.3922
78.4156
78.439
78.4623
78.4857
78.5091
78.5324
78.5558
78.5792
78.6025
78.6259
78.6493
78.6726
78.696
78.7194
78.7427
78.7661
78.7895
78.8128
78.8362
78.8596
78.883
78.9063
78.9297
78.9531
78.9764
78.9998
79.0232
79.0465
79.0699
79.0933
79.1166
79.14
79.1634
79.1867
79.2101
79.2335
79.2568
79.2802
79.3036
79.3269
79.3503
79.3737
79.397
79.4204
79.4438
79.4671
79.4905
79.5139
79.5372
79.5606
79.584
79.6073
79.6307
79.6541
79.6774
79.7008
79.7242
79.7476
79.7709
79.7943
79.8177
79.841
79.8644
79.8878
79.9111
79.9345
79.9579
79.9812
80.0046
80.028
80.0513
80.0747
80.0981
80.1214
80.1448
80.1682
80.1915
80.2149
80.2383
80.2616
80.285
80.3084
80.3317
80.3551
80.3785
80.4018
80.4252
80.4486
80.4719
80.4953
80.5187
80.542
80.5654
80.5888
80.6121
80.6355
80.6589
80.6822
80.7056
80.729
80.7524
80.7757
80.7991
80.8225
80.8458
80.8692
80.8926
80.9159
80.9393
80.9627
80.986
81.0094
81.0328
81.0561
81.0795
81.1029
81.1262
81.1496
81.173
81.1963
81.2197
81.2431
81.2664
81.2898
81.3132
81.3365
81.3599
81.3833
81.4066
81.43
81.4534
81.4767
81.5001
81.5235
81.5468
81.5702
81.5936
81.617
81.6403
81.6637
81.6871
81.7104
81.7338
81.7572
81.7805
81.8039
81.8273
81.8506
81.874
81.8974
81.9207
81.9441
81.9675
81.9908
82.0142
82.0376
82.0609
82.0843
82.1077
82.131
82.1544
82.1778
82.2011
82.2245
82.2479
82.2712
82.2946
82.318
82.3413
82.3647
82.3881
82.4114
82.4348
82.4582
82.4815
82.5049
82.5283
82.5516
82.575
82.5984
82.6218
82.6451
82.6685
82.6919
82.7152
82.7386
82.762
82.7853
82.8087
82.8321
82.8554
82.8788
82.9022
82.9255
82.9489
82.9723
82.9956
83.019
83.0424
83.0657
83.0891
83.1125
83.1358
83.1592
83.1826
83.2059
83.2293
83.2527
83.276
83.2994
83.3228
83.3461
83.3695
83.3929
83.4162
83.4396
83.463
83.4864
83.5097
83.5331
83.5565
83.5798
83.6032
83.6266
83.6499
83.6733
83.6967
83.72
83.7434
83.7668
83.7901
83.8135
83.8369
83.8602
83.8836
83.907
83.9303
83.9537
83.9771
84.0004
84.0238
84.0472
84.0705
84.0939
84.1173
84.1406
84.164
84.1874
84.2107
84.2341
84.2575
84.2808
84.3042
84.3276
84.3509
84.3743
84.3977
84.421
84.4444
84.4678
84.4912
84.5145
84.5379
84.5613
84.5846
84.608
84.6314
84.6547
84.6781
84.7015
84.7248
84.7482
84.7716
84.7949
84.8183
84.8417
84.865
84.8884
84.9118
84.9351
84.9585
84.9819
85.0052
85.0286
85.052
85.0753
85.0987
85.1221
85.1454
85.1688
85.1922
85.2155
85.2389
85.2623
85.2856
85.309
85.3324
85.3558
85.3791
85.4025
85.4259
85.4492
85.4726
85.496
85.5193
85.5427
85.5661
85.5894
85.6128
85.6362
85.6595
85.6829
85.7063
85.7296
85.753
85.7764
85.7997
85.8231
85.8465
85.8698
85.8932
85.9166
85.9399
85.9633
85.9867
86.01
86.0334
86.0568
86.0801
86.1035
86.1269
86.1502
86.1736
86.197
86.2203
86.2437
86.2671
86.2905
86.3138
86.3372
86.3606
86.3839
86.4073
86.4307
86.454
86.4774
86.5008
86.5241
86.5475
86.5709
86.5942
86.6176
86.641
86.6643
86.6877
86.7111
86.7344
86.7578
86.7812
86.8045
86.8279
86.8513
86.8746
86.898
86.9214
86.9447
86.9681
86.9915
87.0148
87.0382
87.0616
87.0849
87.1083
87.1317
87.155
87.1784
87.2018
87.2251
87.2485
87.2719
87.2953
87.3186
87.342
87.3654
87.3887
87.4121
87.4355
87.4588
87.4822
87.5056
87.5289
87.5523
87.5757
87.599
87.6224
87.6458
87.6691
87.81
87.7159
87.7392
87.7626
87.786
87.8093
87.8327
87.8561
87.8794
87.9028
87.9262
87.9495
87.9729
87.9963
88.0196
88.043
88.0664
88.0897
88.1131
88.1365
88.1599
88.1832
88.2066
88.23
88.2533
88.2767
88.3001
88.3234
88.3468
88.3702
88.3935
88.4169
88.4403
88.4636
88.487
88.5104
88.5337
88.5571
88.5805
88.6038
88.6272
88.6506
88.6739
88.6973
88.7207
88.744
88.7674
88.7908
88.8141
88.8375
88.8609
88.8842
88.9076
88.931
88.9543
88.9777
89.0011
89.0244
89.0478
89.0712
89.0945
89.1179
89.1413
89.1647
89.188
89.2114
89.2348
89.2581
89.2815
89.3049
89.3282
89.3516
89.375
89.3983
89.4217
89.4451
89.4684
89.4918
89.5152
89.5385
89.5619
89.5853
89.6086
89.632
89.6554
89.6787
89.7021
89.7255
89.7488
89.7722
89.7956
89.8189
89.8423
89.8657
89.889
89.9124
89.9358
89.9591
89.9825
90.0059
90.0293
90.0526
90.076
90.0994
90.1227
90.1461
90.1695
90.1928
90.2162
90.2396
90.2629
90.2863
90.3097
90.333
90.3564
90.3798
90.4031
90.4265
90.4499
90.4732
90.4966
90.52
90.5433
90.5667
90.5901
90.6134
90.6368
90.6602
90.6835
90.7069
90.7303
90.7536
90.777
90.8004
90.8237
90.8471
90.8705
90.8938
90.9172
90.9406
90.9639
90.9873
91.0107
91.0341
91.0574
91.0808
91.1042
91.1275
91.1509
91.1743
91.1976
91.221
91.2444
91.2677
91.2911
91.3145
91.3378
91.3612
91.3846
91.4079
91.4313
91.4547
91.478
91.5014
91.5248
91.5481
91.5715
91.5949
91.6182
91.6416
91.665
91.6883
91.7117
91.7351
91.7584
91.7818
91.8052
91.8285
91.8519
91.8753
91.8987
91.922
91.9454
91.9688
91.9921
92.0155
92.0389
92.0622
92.0856
92.109
92.1323
92.1557
92.1791
92.2024
92.2258
92.2492
92.2725
92.2959
92.3193
92.3426
92.366
92.3894
92.4127
92.4361
92.4595
92.4828
92.5062
92.5296
92.5529
92.5763
92.5997
92.623
92.6464
92.6698
92.6931
92.7165
92.7399
92.7632
92.7866
92.81
92.8333
92.8567
92.8801
92.9035
92.9268
92.9502
92.9736
92.9969
93.0203
93.0437
93.067
93.0904
93.1138
93.1371
93.1605
93.1839
93.2072
93.2306
93.254
93.2773
93.3007
93.3241
93.3474
93.3708
93.3942
93.4175
93.4409
93.4643
93.4876
93.511
93.5344
93.5577
93.5811
93.6045
93.6278
93.6512
93.6746
93.6979
93.7213
93.7447
93.7681
93.7914
93.8148
93.8382
93.8615
93.8849
93.9083
93.9316
93.955
93.9784
94.0017
94.0251
94.0485
94.0718
94.0952
94.1186
94.1419
94.1653
94.1887
94.212
94.2354
94.2588
94.2821
94.3055
94.3289
94.3522
94.3756
94.399
94.4223
94.4457
94.4691
94.4924
94.5158
94.5392
94.5625
94.5859
94.6093
94.6326
94.656
94.6794
94.7027
94.7261
94.7495
94.7729
94.7962
94.8196
94.843
94.8663
94.8897
94.9131
94.9364
94.9598
94.9832
95.0065
95.0299
95.0533
95.0766
95.1
95.1234
95.1467
95.1701
95.1935
95.2168
95.2402
95.2636
95.2869
95.3103
95.3337
95.357
95.3804
95.4038
95.4271
95.4505
95.4739
95.4972
95.5206
95.544
95.5673
95.5907
95.6141
95.6375
95.6608
95.6842
95.7076
95.7309
95.7543
95.7777
95.801
95.8244
95.8478
95.8711
95.8945
95.9179
95.9412
95.9646
95.988
96.0113
96.0347
96.0581
96.0814
96.1048
96.1282
96.1515
96.1749
96.1983
96.2216
96.245
96.2684
96.2917
96.3151
96.3385
96.3618
96.3852
96.4086
96.4319
96.4553
96.4787
96.502
96.5254
96.5488
96.5721
96.5955
96.6189
96.6423
96.6656
96.689
96.7124
96.7357
96.7591
96.7825
96.8058
96.8292
96.8526
96.8759
96.8993
96.9227
96.946
96.9694
96.9928
97.0161
97.0395
97.0629
97.0862
97.1096
97.133
97.1563
97.1797
97.2031
97.2264
97.2498
97.2732
97.2965
97.3199
97.3433
97.3666
97.39
97.4134
97.4367
97.4601
97.4835
97.5069
97.5302
97.5536
97.577
97.6003
97.6237
97.6471
97.6704
97.6938
97.7172
97.7405
97.7639
97.7873
97.8106
97.834
97.8574
97.8807
97.9041
97.9275
97.9508
97.9742
97.9976
98.0209
98.0443
98.0677
98.091
98.1144
98.1378
98.1611
98.1845
98.2079
98.2312
98.2546
98.278
98.3013
98.3247
98.3481
98.3714
98.3948
98.4182
98.4416
98.4649
98.4883
98.5117
98.535
98.5584
98.5818
98.6051
98.6285
98.6519
98.6752
98.6986
98.722
98.7453
98.7687
98.7921
98.8154
98.8388
98.8622
98.8855
98.9089
98.9323
98.9556
98.979
99.0024
99.0257
99.0491
99.0725
99.0958
99.1192
99.1426
99.1659
99.1893
99.2127
99.236
99.2594
99.2828
99.3061
99.3295
99.3529
99.553
99.3996
99.423
99.4464
99.4697
99.4931
99.5165
99.5398
99.5632
99.5866
99.6099
99.6333
99.6567
99.68
99.7034
99.7268
99.7501
99.7735
99.7969
99.8202
99.8436
99.867
99.8903
99.9137
99.9371
99.9604
99.9838
100.007
100.031
100.054
100.077
100.101
100.124
100.147
100.171
100.194
100.217
100.241
100.264
100.288
100.311
100.334
100.358
100.381
100.404
100.428
100.451
100.475
100.498
100.521
100.545
100.568
100.591
100.615
100.638
100.661
100.685
100.708
100.732
100.755
100.778
100.802
100.825
100.848
100.872
100.895
100.919
100.942
100.965
100.989
101.012
101.035
101.059
101.082
101.105
101.129
101.152
101.176
101.199
101.222
101.246
101.269
101.292
101.316
101.339
101.362
101.386
101.409
101.433
101.456
101.479
101.503
101.526
101.549
101.573
101.596
101.62
101.643
101.666
101.69
101.713
101.736
101.76
101.783
101.806
101.83
101.853
101.877
101.9
101.923
101.947
101.97
101.993
102.017
102.04
102.064
102.087
102.11
102.134
102.157
102.18
102.204
102.227
102.25
102.274
102.297
102.321
102.344
102.367
102.391
102.414
102.437
102.461
102.484
102.507
102.531
102.554
102.578
102.601
102.624
102.648
102.671
102.694
102.718
102.741
102.765
102.788
102.811
102.835
102.858
102.881
102.905
102.928
102.951
102.975
102.998
103.022
103.045
103.068
103.092
103.115
103.138
103.162
103.185
103.209
103.232
103.255
103.279
103.302
103.325
103.349
103.372
103.395
103.419
103.442
103.466
103.489
103.512
103.536
103.559
103.582
103.606
103.629
103.653
103.676
103.699
103.723
103.746
103.769
103.793
103.816
103.839
103.863
103.886
103.91
103.933
103.956
103.98
104.003
104.026
104.05
104.073
104.096
104.12
104.143
104.167
104.19
104.213
104.237
104.26
104.283
104.307
104.33
104.354
104.377
104.4
104.424
104.447
104.47
104.494
104.517
104.54
104.564
104.587
104.611
104.634
104.657
104.681
104.704
104.727
104.751
104.774
104.798
104.821
104.844
104.868
104.891
104.914
104.938
104.961
104.984
105.008
105.031
105.055
105.078
105.101
105.125
105.148
105.171
105.195
105.218
105.241
105.265
105.288
105.312
105.335
105.358
105.382
105.405
105.428
105.452
105.475
105.499
105.522
105.545
105.569
105.592
105.615
105.639
105.662
105.685
105.709
105.732
105.756
105.779
105.802
105.826
105.849
105.872
105.896
105.919
105.943
105.966
105.989
106.013
106.036
106.059
106.083
106.106
106.129
106.153
106.176
106.2
106.223
106.246
106.27
106.293
106.316
106.34
106.363
106.386
106.41
106.433
106.457
106.48
106.503
106.527
106.55
106.573
106.597
106.62
106.644
106.667
106.69
106.714
106.737
106.76
106.784
106.807
106.83
106.854
106.877
106.901
106.924
106.947
106.971
106.994
107.017
107.041
107.064
107.088
107.111
107.134
107.158
107.181
107.204
107.228
107.251
107.274
107.298
107.321
107.345
107.368
107.391
107.415
107.438
107.461
107.485
107.508
107.532
107.555
107.578
107.602
107.625
107.648
107.672
107.695
107.718
107.742
107.765
107.789
107.812
107.835
107.859
107.882
107.905
107.929
107.952
107.975
107.999
108.022
108.046
108.069
108.092
108.116
108.139
108.162
108.186
108.209
108.233
108.256
108.279
108.303
108.326
108.349
108.373
108.396
108.419
108.443
108.466
108.49
108.513
108.536
108.56
108.583
108.606
108.63
108.653
108.677
108.7
108.723
108.747
108.77
108.793
108.817
108.84
108.863
108.887
108.91
108.934
108.957
108.98
109.004
109.027
109.05
109.074
109.097
109.12
109.144
109.167
109.191
109.214
109.237
109.261
109.284
109.307
109.331
109.354
109.378
109.401
109.424
109.448
109.471
109.494
109.518
109.541
109.564
109.588
109.611
109.635
109.658
109.681
109.705
109.728
109.751
109.775
109.798
109.822
109.845
109.868
109.892
109.915
109.938
109.962
109.985
110.008
110.032
110.055
110.079
110.102
110.125
110.149
110.172
110.195
110.219
110.242
110.266
110.289
110.312
110.336
110.359
110.382
110.406
110.429
110.452
110.476
110.499
110.523
110.546
110.569
110.593
110.616
110.639
110.663
110.686
110.709
110.733
110.756
110.78
110.803
110.826
110.85
110.873
110.896
110.92
110.943
110.967
110.99
111.013
111.037
110.9
111.083
111.107
111.13
111.153
111.177
111.2
111.224
111.247
111.27
111.294
111.317
111.34
111.364
111.387
111.411
111.434
111.457
111.481
111.504
111.527
111.551
111.574
111.597
111.621
111.644
111.668
111.691
111.714
111.738
111.761
111.784
111.808
111.831
111.854
111.878
111.901
111.925
111.948
111.971
111.995
112.018
112.041
112.065
112.088
112.112
112.135
112.158
112.182
112.205
112.228
112.252
112.275
112.298
112.322
112.345
112.369
112.392
112.415
112.439
112.462
112.485
112.509
112.532
112.556
112.579
112.602
112.626
112.649
112.672
112.696
112.719
112.742
112.766
112.789
112.813
112.836
112.859
112.883
112.906
112.929
112.953
112.976
113
113.023
113.046
113.07
113.093
113.116
113.14
113.163
113.186
113.21
113.233
113.257
113.28
113.303
113.327
113.35
113.373
113.397
113.42
113.443
113.467
113.49
113.514
113.537
113.56
113.584
113.607
113.63
113.654
113.677
113.701
113.724
113.747
113.771
113.794
113.817
113.841
113.864
113.887
113.911
113.934
113.958
113.981
114.004
114.028
114.051
114.074
114.098
114.121
114.145
114.168
114.191
114.215
114.238
114.261
114.285
114.308
114.331
114.355
114.378
114.402
114.425
114.448
114.472
114.495
114.518
114.542
114.565
114.588
114.612
114.635
114.659
114.682
114.705
114.729
114.752
114.775
114.799
114.822
114.846
114.869
114.892
114.916
114.939
114.962
114.986
115.009
115.032
115.056
115.079
115.103
115.126
115.149
115.173
115.196
115.219
115.243
115.266
115.29
115.313
115.336
115.36
115.383
115.406
115.43
115.453
115.476
115.5
115.523
115.547
115.57
115.593
115.617
115.64
115.663
115.687
115.71
115.734
115.757
115.78
115.804
115.827
115.85
115.874
115.897
115.92
115.944
115.967
115.991
116.014
116.037
116.061
116.084
116.107
116.131
116.154
116.177
116.201
116.224
116.248
116.271
116.294
116.318
116.341
116.364
116.388
116.411
116.435
116.458
116.481
116.505
116.528
116.551
116.575
116.598
116.621
116.645
116.668
116.692
116.715
116.738
116.762
116.785
116.808
116.832
116.855
116.879
116.902
116.925
116.949
116.972
116.995
117.019
117.042
117.065
117.089
117.112
117.136
117.159
117.182
117.206
117.229
117.252
117.276
117.299
117.322
117.346
117.369
117.393
117.416
117.439
117.463
117.486
117.509
117.533
117.556
117.58
117.603
117.626
117.65
117.673
117.696
117.72
117.743
117.766
117.79
117.813
117.837
117.86
117.883
117.907
117.93
117.953
117.977
118
118.024
118.047
118.07
118.094
118.117
118.14
118.164
118.187
118.21
118.234
118.257
118.281
118.304
118.327
118.351
118.374
118.397
118.421
118.444
118.467
118.491
118.514
118.538
118.561
118.584
118.608
118.631
118.654
118.678
118.701
118.725
118.748
118.771
118.795
118.818
118.841
118.865
118.888
118.911
118.935
118.958
118.982
119.005
119.028
119.052
119.075
119.098
119.122
119.145
119.169
119.192
119.215
119.239
119.262
119.285
119.309
119.332
119.355
119.379
119.402
119.426
119.449
119.472
119.496
119.519
119.542
119.566
119.589
119.613
119.636
119.659
119.683
119.706
119.729
119.753
119.776
119.799
119.823
119.846
119.87
119.893
119.916
119.94
119.963
119.986
120.01
120.033
120.056
120.08
120.103
120.127
120.15
120.173
120.197
120.22
120.243
120.267
120.29
120.314
120.337
120.36
120.384
120.407
120.43
120.454
120.477
120.5
120.524
120.547
120.571
120.594
120.617
120.641
120.664
120.687
120.711
120.734
120.758
120.781
120.804
120.828
120.851
120.874
120.898
120.921
120.944
120.968
120.991
121.015
121.038
121.061
121.085
121.108
121.131
121.155
121.178
121.201
121.225
121.248
121.272
121.295
121.318
121.342
121.365
121.388
121.412
121.435
121.459
121.482
121.505
121.529
121.552
121.575
121.599
121.622
121.645
121.669
121.692
121.716
121.739
121.762
121.786
121.809
121.832
121.856
121.879
121.903
121.926
121.949
121.973
121.996
122.019
122.043
122.066
122.089
122.113
122.136
122.16
122.183
122.206
122.23
122.253
122.276
122.3
122.323
122.347
122.37
122.393
122.417
122.44
122.463
122.487
122.51
122.533
122.557
122.58
122.604
122.627
122.65
122.674
122.697
122.72
122.65
122.767
122.79
122.814
122.837
122.861
122.884
122.907
122.931
122.954
122.977
123.001
123.024
123.048
123.071
123.094
123.118
123.141
123.164
123.188
123.211
123.234
123.258
123.281
123.305
123.328
123.351
123.375
123.398
123.421
123.445
123.468
123.492
123.515
123.538
123.562
123.585
123.608
123.632
123.655
123.678
123.702
123.725
123.749
123.772
123.795
123.819
123.842
123.865
123.889
123.912
123.82
123.959
123.982
124.006
124.029
124.052
124.076
124.099
124.122
124.146
124.169
124.193
124.216
124.239
124.263
124.286
124.309
124.333
124.356
124.379
124.403
124.426
124.45
124.473
124.496
124.52
124.543
124.566
124.59
124.613
124.637
124.66
124.683
124.707
124.73
124.753
124.777
124.8
124.823
124.847
124.87
124.894
124.917
124.94
124.964
124.987
125.01
125.034
125.057
124.99
125.104
125.127
125.151
125.174
125.197
125.221
125.244
125.267
125.291
125.314
125.338
125.361
125.384
125.408
125.431
125.454
125.478
125.501
125.524
125.548
125.571
125.595
125.618
125.641
125.665
125.688
125.711
125.735
125.758
125.782
125.805
125.828
125.852
125.875
125.898
125.922
125.945
125.968
125.992
126.015
126.039
126.062
126.085
126.109
126.132
126.155
126.179
126.202
126.226
126.249
126.17
126.296
126.319
126.342
126.366
126.389
126.412
126.436
126.459
126.483
126.506
126.529
126.553
126.576
126.599
126.623
126.646
126.669
126.693
126.716
126.74
126.763
126.786
126.81
126.833
126.856
126.88
126.903
126.927
126.95
126.973
126.997
127.02
127.043
127.067
127.09
127.113
127.137
127.16
127.184
127.207
127.23
127.254
127.277
127.3
127.324
127.347
127.371
127.394
127.34
127.441
127.464
127.487
127.511
127.534
127.557
127.581
127.604
127.628
127.651
127.674
127.698
127.721
127.744
127.768
127.791
127.814
127.838
127.861
127.885
127.908
127.931
127.955
127.978
128.001
128.025
128.048
128.072
128.095
128.118
128.142
128.165
128.188
128.212
128.235
128.258
128.282
128.305
128.329
128.352
128.375
128.399
128.422
128.445
128.469
128.492
128.516
128.539
128.562
128.52
128.609
128.632
128.656
128.679
128.702
128.726
128.749
128.773
128.796
128.819
128.843
128.866
128.889
128.913
128.936
128.96
128.983
129.006
129.03
129.053
129.076
129.1
129.123
129.146
129.17
129.193
129.217
129.24
129.263
129.287
129.31
129.333
129.357
129.38
129.403
129.427
129.45
129.474
129.497
129.52
129.544
129.567
129.59
129.614
129.637
129.661
129.684
129.707
129.731
129.69
129.777
129.801
129.824
129.847
129.871
129.894
129.918
129.941
129.964
129.988
130.011
130.034
130.058
130.081
130.105
130.128
130.151
130.175
130.198
130.221
130.245
130.268
130.291
130.315
130.338
130.362
130.385
130.408
130.432
130.455
130.478
130.502
130.525
130.548
130.572
130.595
130.619
130.642
130.665
130.689
130.712
130.735
130.759
130.782
130.806
130.829
130.852
130.876
130.899
130.87
130.946
130.969
130.992
131.016
131.039
131.063
131.086
131.109
131.133
131.156
131.179
131.203
131.226
131.25
131.273
131.296
131.32
131.343
131.366
131.39
131.413
131.436
131.46
131.483
131.507
131.53
131.553
131.577
131.6
131.623
131.647
131.67
131.694
131.717
131.74
131.764
131.787
131.81
131.834
131.857
131.88
131.904
131.927
131.951
131.974
131.997
132.021
132.044
132.067
132.04
132.114
132.137
132.161
132.184
132.208
132.231
132.254
132.278
132.301
132.324
132.348
132.371
132.395
132.418
132.441
132.465
132.488
132.511
132.535
132.558
132.581
132.605
132.628
132.652
132.675
132.698
132.722
132.745
132.768
132.792
132.815
132.839
132.862
132.885
132.909
132.932
132.955
132.979
133.002
133.025
133.049
133.072
133.096
133.119
133.142
133.166
133.189
133.212
133.236
133.259
133.21
133.306
133.329
133.353
133.376
133.399
133.423
133.446
133.469
133.493
133.516
133.54
133.563
133.586
133.61
133.633
133.656
133.68
133.703
133.726
133.75
133.773
133.797
133.82
133.843
133.867
133.89
133.913
133.937
133.96
133.984
134.007
134.03
134.054
134.077
134.1
134.124
134.147
134.17
134.194
134.217
134.241
134.264
134.287
134.311
134.334
134.357
134.381
134.404
134.39
134.451
134.474
134.498
134.521
134.544
134.568
134.591
134.614
134.638
134.661
134.685
134.708
134.731
134.755
134.778
134.801
134.825
134.848
134.871
134.895
134.918
134.942
134.965
134.988
135.012
135.035
135.058
135.082
135.105
135.129
135.152
135.175
135.199
135.222
135.245
135.269
135.292
135.315
135.339
135.362
135.386
135.409
135.432
135.456
135.479
135.502
135.526
135.549
135.573
135.596
135.619
135.643
135.666
135.689
135.713
135.736
135.759
135.783
135.806
135.83
135.853
135.876
135.9
135.923
135.946
135.97
135.993
136.016
136.04
136.063
136.087
136.11
136.133
136.157
136.18
136.203
136.227
136.25
136.274
136.297
136.32
136.344
136.367
136.39
136.414
136.437
136.46
136.484
136.507
136.531
136.554
136.577
136.601
136.624
136.647
136.671
136.694
136.718
136.741
136.764
136.788
136.811
136.834
136.858
136.881
136.904
136.928
136.951
136.975
136.998
137.021
137.045
137.068
137.091
137.115
137.138
137.161
137.185
137.208
137.232
137.255
137.278
137.302
137.325
137.348
137.372
137.395
137.419
137.442
137.465
137.489
137.512
137.535
137.559
137.582
137.605
137.629
137.652
137.676
137.699
137.722
137.746
137.769
137.792
137.816
137.839
137.863
137.886
137.909
137.933
137.956
137.979
138.003
138.026
138.049
138.073
138.096
138.12
138.143
138.166
138.19
138.213
138.236
138.26
138.283
138.307
138.33
138.353
138.377
138.4
138.423
138.447
138.47
138.493
138.517
138.54
138.564
138.587
138.61
138.634
138.657
138.68
138.704
138.727
138.75
138.774
138.797
138.821
138.844
138.867
138.891
138.914
138.937
138.961
138.984
139.008
139.031
139.054
139.078
139.101
139.124
139.148
139.171
139.194
139.218
139.241
139.265
139.288
139.311
139.335
139.358
139.381
139.405
139.428
139.452
139.475
139.498
139.522
139.545
139.568
139.592
139.615
139.638
139.662
139.685
139.709
139.732
139.755
139.779
139.802
139.825
139.849
139.872
139.895
139.919
139.942
139.966
139.989
140.012
140.036
140.059
140.082
140.106
140.129
140.153
140.176
140.199
140.223
140.246
140.269
140.293
140.316
140.339
140.363
140.386
140.41
140.433
140.456
140.48
140.503
140.526
140.55
140.573
140.597
140.62
140.643
140.667
140.69
140.713
140.737
140.76
140.783
140.807
140.83
140.854
140.877
140.9
140.924
140.947
140.97
140.994
141.017
141.041
141.064
141.087
141.111
141.134
141.157
141.181
141.204
141.227
141.251
141.274
141.298
141.321
141.344
141.368
141.391
141.414
141.438
141.461
141.484
141.508
141.531
141.555
141.578
141.601
141.625
141.648
141.671
141.695
141.718
141.742
141.765
141.788
141.812
141.835
141.858
141.882
141.905
141.928
141.952
141.975
141.999
142.022
142.045
142.069
142.092
142.115
142.139
142.162
142.186
142.209
142.232
142.256
142.279
142.302
142.326
142.349
142.372
142.396
142.419
142.443
142.466
142.489
142.513
142.536
142.559
142.583
142.606
142.629
142.653
142.676
142.7
142.723
142.746
142.77
142.793
142.816
142.84
142.863
142.887
142.91
142.933
142.957
142.98
143.003
143.027
143.05
143.073
143.097
143.12
143.144
143.167
143.19
143.214
143.237
143.26
143.284
143.307
143.331
143.354
143.377
143.401
143.424
143.447
143.471
143.494
143.517
143.541
143.564
143.588
143.611
143.634
143.658
143.681
143.704
143.728
143.751
143.774
143.798
143.821
143.845
143.868
143.891
143.915
143.938
143.961
143.985
144.008
144.032
144.055
144.078
144.102
144.125
144.148
144.172
144.195
144.218
144.242
144.265
144.289
144.312
144.335
144.359
144.382
144.405
144.429
144.452
144.476
144.499
144.522
144.546
144.569
144.592
144.616
144.639
144.662
144.686
144.709
144.733
144.756
144.779
144.803
144.826
144.849
144.873
144.896
144.92
144.943
144.966
144.99
145.013
145.036
145.06
145.083
145.106
145.13
145.153
145.177
145.2
145.223
145.247
145.27
145.293
145.317
145.34
145.363
145.387
145.41
145.434
145.457
145.48
145.504
145.527
145.55
145.574
145.597
145.621
145.644
145.667
145.691
145.714
145.737
145.761
145.784
145.807
145.831
145.854
145.878
145.901
145.924
145.948
145.971
145.994
146.018
146.041
146.065
146.088
146.13
146.135
146.158
146.181
146.205
146.228
146.251
146.275
146.298
146.322
146.345
146.368
146.392
146.415
146.438
146.462
146.485
146.508
146.532
146.555
146.579
146.602
146.625
146.649
146.672
146.695
146.719
146.742
146.766
146.789
146.812
146.836
146.859
146.882
146.906
146.929
146.952
146.976
146.999
147.023
147.046
147.069
147.093
147.116
147.139
147.163
147.186
147.21
147.233
147.256
147.28
147.303
147.326
147.35
147.373
147.396
147.42
147.443
147.467
147.49
147.513
147.537
147.56
147.583
147.607
147.63
147.654
147.677
147.7
147.724
147.747
147.77
147.794
147.817
147.84
147.864
147.887
147.911
147.934
147.957
147.981
148.004
148.027
148.051
148.074
148.097
148.121
148.144
148.168
148.191
148.214
148.238
148.261
148.284
148.308
148.331
148.355
148.378
148.401
148.425
148.448
148.471
148.495
148.518
148.541
148.565
148.588
148.612
148.635
148.658
148.682
148.705
148.728
148.752
148.775
148.799
148.822
148.845
148.869
148.892
148.915
148.939
148.962
148.985
149.009
149.032
149.056
149.079
149.102
149.126
149.149
149.172
149.196
149.219
149.242
149.266
149.289
149.313
149.336
149.359
149.383
149.406
149.429
149.453
149.476
149.5
149.523
149.546
149.57
149.593
149.616
149.64
149.663
149.686
149.71
149.733
149.757
149.78
149.803
149.827
149.85
149.873
149.897
149.92
149.944
149.967
149.99
150.014
150.037
150.06
150.084
150.107
150.13
150.154
150.177
150.201
150.224
150.247
150.271
150.294
150.317
150.341
150.364
150.388
150.411
150.434
150.458
150.481
150.504
150.528
150.551
150.574
150.598
150.621
150.645
150.668
150.691
150.715
150.738
150.761
150.785
150.808
150.831
150.855
150.878
150.902
150.925
150.948
150.972
150.995
151.018
151.042
151.065
151.089
151.112
151.135
151.159
151.182
151.205
151.229
151.252
151.275
151.299
151.322
151.346
151.369
151.392
151.416
151.439
151.462
151.486
151.509
151.533
151.556
151.579
151.603
151.626
151.649
151.673
151.696
151.719
151.743
151.766
151.79
151.813
151.836
151.86
151.883
151.906
151.93
151.953
151.976
152
152.023
152.047
152.07
152.093
152.117
152.14
152.163
152.187
152.21
152.234
152.257
152.28
152.304
152.327
152.35
152.374
152.397
152.42
152.444
152.467
152.491
152.514
152.537
152.561
152.584
152.607
152.631
152.654
152.678
152.701
152.724
152.748
152.771
152.794
152.818
152.841
152.864
152.888
152.911
152.935
152.958
152.981
153.005
153.028
153.051
153.075
153.098
153.121
153.145
153.168
153.192
153.215
153.238
153.262
153.285
153.308
153.332
153.355
153.379
153.402
153.425
153.449
153.472
153.495
153.519
153.542
153.565
153.589
153.612
153.636
153.659
153.682
153.706
153.729
153.752
153.776
153.799
153.823
153.846
153.869
153.893
153.916
153.939
153.963
153.986
154.009
154.033
154.056
154.08
154.103
154.126
154.15
154.173
154.196
154.22
154.243
154.267
154.29
154.313
154.337
154.36
154.383
154.407
154.43
154.453
154.477
154.5
154.524
154.547
154.57
154.594
154.617
154.64
154.664
154.687
154.71
154.734
154.757
154.781
154.804
154.827
154.851
154.874
154.897
154.921
154.944
154.968
154.991
155.014
155.038
155.061
155.084
155.108
155.131
155.154
155.178
155.201
155.225
155.248
155.271
155.295
155.318
155.341
155.365
155.388
155.412
155.435
155.458
155.482
155.505
155.528
155.552
155.575
155.598
155.622
155.645
155.669
155.692
155.715
155.739
155.762
155.785
155.809
155.832
155.855
155.879
155.902
155.926
155.949
155.972
155.996
156.019
156.042
156.066
156.089
156.113
156.136
156.159
156.183
156.206
156.229
156.253
156.276
156.299
156.323
156.346
156.37
156.393
156.416
156.44
156.463
156.486
156.51
156.533
156.557
156.58
156.603
156.627
156.65
156.673
156.697
156.72
156.743
156.767
156.79
156.814
156.837
156.86
156.884
156.907
156.93
156.954
156.977
157.001
157.024
157.047
157.071
157.094
157.117
157.141
157.164
157.187
157.211
157.234
157.258
157.281
157.304
157.328
157.351
157.374
157.398
157.421
157.444
157.468
157.491
157.515
157.538
157.561
157.585
157.608
157.631
157.655
157.678
157.702
157.725
157.748
157.772
157.48
157.818
157.842
157.865
157.888
157.912
157.935
157.959
157.982
158.005
158.029
158.052
158.075
158.099
158.122
158.146
158.169
158.192
158.216
158.239
158.262
158.286
158.309
158.332
158.356
158.379
158.403
158.426
158.449
158.473
158.496
158.519
158.543
158.566
158.589
158.613
158.636
158.66
158.683
158.706
158.73
158.753
158.776
158.8
158.823
158.847
158.87
158.893
158.917
158.94
158.963
158.987
159.01
159.033
159.057
159.08
159.104
159.127
159.15
159.174
159.197
159.22
159.244
159.267
159.291
159.314
159.337
159.361
159.384
159.407
159.431
159.454
159.477
159.501
159.524
159.548
159.571
159.594
159.618
159.641
159.664
159.688
159.711
159.735
159.758
159.781
159.805
159.828
159.851
159.875
159.898
159.921
159.945
159.968
159.992
160.015
160.038
160.062
160.085
160.108
160.132
160.155
160.178
160.202
160.225
160.249
160.272
160.295
160.319
160.342
160.365
160.389
160.412
160.436
160.459
160.482
160.506
160.529
160.552
160.576
160.599
160.622
160.646
160.669
160.693
160.716
160.739
160.763
160.786
160.809
160.833
160.856
160.88
160.903
160.926
160.95
160.973
160.996
161.02
161.043
161.066
161.09
161.113
161.137
161.16
161.183
161.207
161.23
161.253
161.277
161.3
161.323
161.347
161.37
161.394
161.417
161.44
161.464
161.487
161.51
161.534
161.557
161.581
161.604
161.627
161.651
161.674
161.697
161.721
161.744
161.767
161.791
161.814
161.838
161.861
161.884
161.908
161.931
161.954
161.978
162.001
162.025
162.048
162.071
162.095
162.118
162.141
162.165
162.188
162.211
162.235
162.258
162.282
162.305
162.328
162.352
162.375
162.398
162.422
162.445
162.469
162.492
162.515
162.539
162.562
162.585
162.609
162.632
162.655
162.679
162.702
162.726
162.749
162.772
162.796
162.819
162.842
162.866
162.889
162.912
162.936
162.959
162.983
163.006
163.029
163.053
163.076
163.099
163.123
163.146
163.17
163.193
163.216
163.24
163.263
163.286
163.31
163.333
163.356
163.38
163.403
163.427
163.45
163.473
163.497
163.52
163.543
163.567
163.59
163.614
163.637
163.66
163.684
163.707
163.73
163.754
163.777
163.8
163.824
163.847
163.871
163.894
163.917
163.941
163.964
163.987
164.011
164.034
164.057
164.081
164.104
164.128
164.151
164.174
164.198
164.221
164.244
164.268
164.291
164.315
164.338
164.361
164.385
164.408
164.431
164.455
164.478
164.501
164.525
164.548
164.572
164.595
164.618
164.642
164.665
164.688
164.712
164.735
164.759
164.782
164.805
164.829
164.852
164.875
164.899
164.922
164.945
164.969
164.992
165.016
165.039
165.062
165.086
165.109
165.132
165.156
165.179
165.202
165.226
165.249
165.273
165.296
165.319
165.343
165.366
165.389
165.413
165.436
165.46
165.483
165.506
165.53
165.553
165.576
165.6
165.623
165.646
165.67
165.693
165.717
165.74
165.763
165.787
165.81
165.833
165.857
165.88
165.904
165.927
165.95
165.974
165.997
166.02
166.044
166.067
166.09
166.114
166.137
166.161
166.184
166.207
166.231
166.254
166.277
166.301
166.324
166.348
166.371
166.394
166.418
166.441
166.464
166.488
166.511
166.534
166.558
166.581
166.605
166.628
166.651
166.675
166.698
166.721
166.745
166.768
166.791
166.815
166.838
166.862
166.885
166.908
166.932
166.955
166.978
167.002
167.025
167.049
167.072
167.095
167.119
167.142
167.165
167.189
167.212
167.235
167.259
167.282
167.306
167.329
167.352
167.376
167.399
167.422
167.446
167.469
167.493
167.516
167.539
167.563
167.586
167.609
167.633
167.656
167.679
167.703
167.726
167.75
167.773
167.796
167.82
167.843
167.866
167.89
167.913
167.936
167.96
167.983
168.007
168.03
168.053
168.077
168.1
168.123
168.147
168.17
168.194
168.217
168.24
168.264
168.287
168.31
168.334
168.357
168.38
168.404
168.427
168.451
168.474
168.497
168.521
168.544
168.567
168.591
168.614
168.638
168.661
168.684
168.708
168.731
168.754
168.778
168.801
168.824
168.848
168.871
168.895
168.918
168.941
168.965
168.988
169.011
169.035
169.058
169.082
169.105
169.128
169.152
169.175
169.198
169.222
169.245
169.268
169.292
169.315
169.339
169.362
169.385
169.409
169.432
169.455
169.22
169.502
169.525
169.549
169.572
169.596
169.619
169.642
169.666
169.689
169.712
169.736
169.759
169.783
169.806
169.829
169.853
169.876
169.899
169.923
169.946
169.969
169.993
170.016
170.04
170.063
170.086
170.11
170.133
170.156
170.18
170.203
170.227
170.25
170.273
170.297
170.32
170.343
170.367
170.39
170.413
170.437
170.46
170.484
170.507
170.53
170.554
170.577
170.6
170.624
170.647
170.67
170.694
170.717
170.741
170.764
170.787
170.811
170.834
170.857
170.881
170.904
170.928
170.951
170.974
170.998
171.021
171.044
171.068
171.091
171.114
171.138
171.161
171.185
171.208
171.231
171.255
171.278
171.301
171.325
171.348
171.372
171.395
171.418
171.442
171.465
171.488
171.512
171.535
171.558
171.582
171.605
171.629
171.652
171.675
171.699
171.722
171.745
171.769
171.792
171.815
171.839
171.862
171.886
171.909
171.932
171.956
171.979
172.002
172.026
172.049
172.073
172.096
172.119
172.143
172.166
172.189
172.213
172.236
172.259
172.283
172.306
172.33
172.353
172.376
172.4
172.423
172.446
172.47
172.493
172.517
172.54
172.563
172.587
172.61
172.633
172.657
172.68
172.703
172.727
172.75
172.774
172.797
172.82
172.844
172.867
172.89
172.914
172.937
172.961
172.984
173.007
173.031
173.054
173.077
173.101
173.124
173.147
173.171
173.194
173.218
173.241
173.264
173.288
173.311
173.334
173.358
173.381
173.404
173.428
173.451
173.475
173.498
173.521
173.545
173.568
173.591
173.615
173.638
173.662
173.685
173.708
173.732
173.755
173.778
173.802
173.825
173.848
173.872
173.895
173.919
173.942
173.965
173.989
174.012
174.035
174.059
174.082
174.106
174.129
174.152
174.176
174.199
174.222
174.246
174.269
174.292
174.316
174.339
174.363
174.386
174.409
174.433
174.456
174.479
174.503
174.526
174.549
174.573
174.596
174.62
174.643
174.666
174.69
174.713
174.736
174.76
174.783
174.807
174.83
174.853
174.877
174.9
174.923
174.947
174.97
174.993
175.017
175.04
175.064
175.087
175.11
175.134
175.157
175.18
175.204
175.227
175.251
175.274
175.297
175.321
175.344
175.367
175.391
175.414
175.437
175.461
175.484
175.508
175.531
175.554
175.578
175.601
175.624
175.648
175.671
175.695
175.718
175.741
175.765
175.788
175.811
175.835
175.858
175.881
175.905
175.928
175.952
175.975
175.998
176.022
176.045
176.068
176.092
176.115
176.138
176.162
176.185
176.209
176.232
176.255
176.279
176.302
176.325
176.349
176.372
176.396
176.419
176.442
176.466
176.489
176.512
176.536
176.559
176.582
176.606
176.629
176.653
176.676
176.699
176.723
176.746
176.769
176.793
176.816
176.84
176.863
176.886
176.91
176.933
176.956
176.98
177.003
177.026
177.05
177.073
177.097
177.12
177.143
177.167
177.19
177.213
177.237
177.26
177.283
177.307
177.33
177.354
177.377
177.4
177.424
177.447
177.47
177.494
177.517
177.541
177.564
177.587
177.611
177.634
177.657
177.681
177.704
177.727
177.751
177.774
177.798
177.821
177.844
177.868
177.891
177.914
177.938
177.961
177.985
178.008
178.031
178.055
178.078
178.101
178.125
178.148
178.171
178.195
178.218
178.242
178.265
178.288
178.312
178.335
178.358
178.382
178.405
178.429
178.452
178.475
178.499
178.522
178.545
178.569
178.592
178.615
178.639
178.662
178.686
178.709
178.732
178.756
178.779
178.802
178.826
178.849
178.872
178.896
178.919
178.943
178.966
178.989
179.013
179.036
179.059
179.083
179.106
179.13
179.153
179.176
179.2
179.223
179.246
179.27
179.293
179.316
179.34
179.363
179.387
179.41
179.433
179.457
179.48
179.503
179.527
179.55
179.574
179.597
179.62
179.644
179.667
179.69
179.714
179.737
179.76
179.784
179.807
179.831
179.854
179.877
179.901
179.924
179.947
179.971
179.994
180.017
180.041
180.064
180.088
180.111
180.134
180.158
180.181
180.204
180.228
180.251
180.275
180.298
180.321
180.345
180.368
180.391
180.415
180.438
180.461
180.485
180.508
180.532
180.555
180.578
180.602
180.625
180.648
180.672
180.695
180.719
180.742
180.765
180.789
180.812
180.835
180.859
180.882
180.905
180.929
180.952
180.976
180.999
181.022
181.046
181.069
181.092
181.116
181.139
181.36
181.186
181.209
181.233
181.256
181.279
181.303
181.326
181.349
181.373
181.396
181.42
181.443
181.466
181.49
181.513
181.536
181.56
181.583
181.606
181.63
181.653
181.677
181.7
181.723
181.747
181.77
181.793
181.817
181.84
181.864
181.887
181.91
181.934
181.957
181.98
182.004
182.027
182.05
182.074
182.097
182.121
182.144
182.167
182.191
182.214
182.237
182.261
182.284
182.308
182.331
182.354
182.378
182.401
182.424
182.448
182.471
182.494
182.518
182.541
182.565
182.588
182.611
182.635
182.658
182.681
182.705
182.728
182.751
182.775
182.798
182.822
182.845
182.868
182.892
182.915
182.938
182.962
182.985
183.009
183.032
183.055
183.079
183.102
183.125
183.149
183.172
183.195
183.219
183.242
183.266
183.289
183.312
183.336
183.359
183.382
183.406
183.429
183.453
183.476
183.499
183.523
183.546
183.569
183.593
183.616
183.639
183.663
183.686
183.71
183.733
183.756
183.78
183.803
183.826
183.85
183.873
183.896
183.92
183.943
183.967
183.99
184.013
184.037
184.06
184.083
184.107
184.13
184.154
184.177
184.2
184.224
184.247
184.27
184.294
184.317
184.34
184.364
184.387
184.411
184.434
184.457
184.481
184.504
184.527
184.551
184.574
184.598
184.621
184.644
184.668
184.691
184.714
184.738
184.761
184.784
184.808
184.831
184.855
184.878
184.901
184.925
184.948
184.971
184.995
185.018
185.042
185.065
185.088
185.112
185.135
185.158
185.182
185.205
185.228
185.252
185.275
185.299
185.322
185.345
185.369
185.392
185.415
185.439
185.462
185.485
185.509
185.532
185.556
185.579
185.602
185.626
185.649
185.672
185.696
185.719
185.743
185.766
185.789
185.813
185.836
185.859
185.883
185.906
185.929
185.953
185.976
186
186.023
186.046
186.07
186.093
186.116
186.14
186.163
186.187
186.21
186.233
186.257
186.28
186.303
186.327
186.35
186.373
186.397
186.42
186.444
186.467
186.49
186.514
186.537
186.56
186.584
186.607
186.63
186.654
186.677
186.701
186.724
186.747
186.771
186.794
186.817
186.841
186.864
186.888
186.911
186.934
186.958
186.981
187.004
187.028
187.051
187.074
187.098
187.121
187.145
187.168
187.191
187.215
187.238
187.261
187.285
187.308
187.332
187.355
187.378
187.402
187.425
187.448
187.472
187.495
187.518
187.542
187.565
187.589
187.612
187.635
187.659
187.682
187.705
187.729
187.752
187.776
187.799
187.822
187.846
187.869
187.892
187.916
187.939
187.962
187.986
188.009
188.033
188.056
188.079
188.103
188.126
188.149
188.173
188.196
188.219
188.243
188.266
188.29
188.313
188.336
188.36
188.383
188.406
188.43
188.453
188.477
188.5
188.523
188.547
188.57
188.593
188.617
188.64
188.663
188.687
188.71
188.734
188.757
188.78
188.804
188.827
188.85
188.874
188.897
188.921
188.944
188.967
188.991
189.014
189.037
189.061
189.084
189.107
189.131
189.154
189.178
189.201
189.224
189.248
189.271
189.294
189.318
189.341
189.364
189.388
189.411
189.435
189.458
189.481
189.505
189.528
189.551
189.575
189.598
189.622
189.645
189.668
189.692
189.715
189.738
189.762
189.785
189.808
189.832
189.855
189.879
189.902
189.925
189.949
189.972
189.995
190.019
190.042
190.066
190.089
190.112
190.136
190.159
190.182
190.206
190.229
190.252
190.276
190.299
190.323
190.346
190.369
190.393
190.416
190.439
190.463
190.486
190.51
190.533
190.556
190.58
190.603
190.626
190.65
190.673
190.696
190.72
190.743
190.767
190.79
190.813
190.837
190.86
190.883
190.907
190.93
190.953
190.977
191
191.024
191.047
191.07
191.094
191.117
191.14
191.164
191.187
191.211
191.234
191.257
191.281
191.304
191.327
191.351
191.374
191.397
191.421
191.444
191.468
191.491
191.514
191.538
191.561
191.584
191.608
191.631
191.655
191.678
191.701
191.725
191.748
191.771
191.795
191.818
191.841
191.865
191.888
191.912
191.935
191.958
191.982
192.005
192.028
192.052
192.075
192.098
192.122
192.145
192.169
192.192
192.215
192.239
192.262
192.285
192.309
192.332
192.356
192.379
192.402
192.426
192.449
192.472
192.496
192.519
192.542
192.566
192.589
192.613
192.636
192.659
192.683
192.706
192.729
192.753
192.776
192.8
192.823
192.32
192.87
192.893
192.916
192.94
192.963
192.986
193.01
193.033
193.057
193.08
193.103
193.127
193.15
193.173
193.197
193.22
193.243
193.267
193.29
193.314
193.337
193.36
193.384
193.407
193.43
193.454
193.477
193.501
193.524
193.547
193.571
193.594
193.617
193.641
193.664
193.687
193.711
193.734
193.758
193.781
193.804
193.828
193.851
193.874
193.898
193.921
193.945
193.968
193.991
194.015
194.038
194.061
194.085
194.108
194.131
194.155
194.178
194.202
194.225
194.248
194.272
194.295
194.318
194.342
194.365
194.389
194.412
194.435
194.459
194.482
194.505
194.529
194.552
194.575
194.599
194.622
194.646
194.669
194.692
194.716
194.739
194.762
194.786
194.809
194.832
194.856
194.879
194.903
194.926
194.949
194.973
194.996
195.019
195.043
195.066
195.09
195.113
195.136
195.16
195.183
195.206
195.23
195.253
195.276
195.3
195.323
195.347
195.37
195.393
195.417
195.44
195.463
195.487
195.51
195.534
195.557
195.58
195.604
195.627
195.65
195.674
195.697
195.72
195.744
195.767
195.791
195.814
195.837
195.861
195.884
195.907
195.931
195.954
195.977
196.001
196.024
196.048
196.071
196.094
196.118
196.141
196.164
196.188
196.211
196.235
196.258
196.281
196.305
196.328
196.351
196.375
196.398
196.421
196.445
196.468
196.492
196.515
196.538
196.562
196.585
196.608
196.632
196.655
196.679
196.702
196.725
196.749
196.772
196.795
196.819
196.842
196.865
196.889
196.912
196.936
196.959
196.982
197.006
197.029
197.052
197.076
197.099
197.123
197.146
197.169
197.193
197.216
197.239
197.263
197.286
197.309
197.333
197.356
197.38
197.403
197.426
197.45
197.473
197.496
197.52
197.543
197.566
197.59
197.613
197.637
197.66
197.683
197.707
197.73
197.753
197.777
197.8
197.824
197.847
197.87
197.894
197.917
197.94
197.964
197.987
198.01
198.034
198.057
198.081
198.104
198.127
198.151
198.174
198.197
198.221
198.244
198.268
198.291
198.314
198.338
198.361
198.384
198.408
198.431
198.454
198.478
198.501
198.525
198.548
198.571
198.595
198.618
198.641
198.665
198.688
198.711
198.735
198.758
198.782
198.805
198.828
198.852
198.875
198.898
198.922
198.945
198.969
198.992
199.015
199.039
199.062
199.085
199.109
199.132
199.155
199.179
199.202
199.226
199.249
199.272
199.296
199.319
199.342
199.366
199.389
199.413
199.436
199.459
199.483
199.506
199.529
199.553
199.576
199.599
199.623
199.646
199.67
199.693
199.716
199.74
199.763
199.786
199.81
199.833
199.857
199.88
199.903
199.927
199.95
199.973
199.997
200.02
200.043
200.067
200.09
200.114
200.137
200.16
200.184
200.207
200.23
200.254
200.277
200.3
200.324
200.347
200.371
200.394
200.417
200.441
200.464
200.487
200.511
200.534
200.558
200.581
200.604
200.628
200.651
200.674
200.698
200.721
200.744
200.768
200.791
200.815
200.838
200.861
200.885
200.908
200.931
200.955
200.978
201.002
201.025
201.048
201.072
201.095
201.118
201.142
201.165
201.188
201.212
201.235
201.259
201.282
201.305
201.329
201.352
201.375
201.399
201.422
201.445
201.469
201.492
201.516
201.539
201.562
201.586
201.609
201.632
201.656
201.679
201.703
201.726
201.749
201.773
201.796
201.819
201.843
201.866
201.889
201.913
201.936
201.96
201.983
202.006
202.03
202.053
202.076
202.1
202.123
202.147
202.17
202.193
202.217
202.24
202.263
202.287
202.31
202.333
202.357
202.38
202.404
202.427
202.45
202.474
202.497
202.52
202.544
202.567
202.59
202.614
202.637
202.661
202.684
202.707
202.731
202.754
202.777
202.801
202.824
202.848
202.871
202.894
202.918
202.941
202.964
202.988
203.011
203.034
203.058
203.081
203.105
203.128
203.151
203.175
203.198
203.221
203.245
203.268
203.292
203.315
203.338
203.362
203.385
203.408
203.432
203.455
203.478
203.502
203.525
203.549
203.572
203.595
203.619
203.642
203.665
203.689
203.712
203.736
203.759
203.782
203.806
203.829
203.852
203.876
203.899
203.922
203.946
203.969
203.993
204.016
204.039
204.063
204.086
204.109
204.133
204.156
204.179
204.203
204.226
204.25
204.273
204.296
204.32
204.343
204.366
204.39
204.413
204.437
204.46
204.483
204.507
204.53
203.67
204.577
204.6
204.623
204.647
204.67
204.694
204.717
204.74
204.764
204.787
204.81
204.834
204.857
204.881
204.904
204.927
204.951
204.974
204.997
205.021
205.044
205.067
205.091
205.114
205.138
205.161
205.184
205.208
205.231
205.254
205.278
205.301
205.324
205.348
205.371
205.395
205.418
205.441
205.465
205.488
205.511
205.535
205.558
205.582
205.605
205.628
205.652
205.675
205.698
205.722
205.745
205.768
205.792
205.815
205.839
205.862
205.885
205.909
205.932
205.955
205.979
206.002
206.026
206.049
206.072
206.096
206.119
206.142
206.166
206.189
206.212
206.236
206.259
206.283
206.306
206.329
206.353
206.376
206.399
206.423
206.446
206.47
206.493
206.516
206.54
206.563
206.586
206.61
206.633
206.656
206.68
206.703
206.727
206.75
206.773
206.797
206.82
206.843
206.867
206.89
206.913
206.937
206.96
206.984
207.007
207.03
207.054
207.077
207.1
207.124
207.147
207.171
207.194
207.217
207.241
207.264
207.287
207.311
207.334
207.357
207.381
207.404
207.428
207.451
207.474
207.498
207.521
207.544
207.568
207.591
207.615
207.638
207.661
207.685
207.708
207.731
207.755
207.778
207.801
207.825
207.848
207.872
207.895
207.918
207.942
207.965
207.988
208.012
208.035
208.058
208.082
208.105
208.129
208.152
208.175
208.199
208.222
208.245
208.269
208.292
208.316
208.339
208.362
208.386
208.409
208.432
208.456
208.479
208.502
208.526
208.549
208.573
208.596
208.619
208.643
208.666
208.689
208.713
208.736
208.76
208.783
208.806
208.83
208.853
208.876
208.9
208.923
208.946
208.97
208.993
209.017
209.04
209.063
209.087
209.11
209.133
209.157
209.18
209.203
209.227
209.25
209.274
209.297
209.32
209.344
209.367
209.39
209.414
209.437
209.461
209.484
209.507
209.531
209.554
209.577
209.601
209.624
209.647
209.671
209.694
209.718
209.741
209.764
209.788
209.811
209.834
209.858
209.881
209.905
209.928
209.951
209.975
209.998
210.021
210.045
210.068
210.091
210.115
210.138
210.162
210.185
210.208
210.232
210.255
210.278
210.302
210.325
210.349
210.372
210.395
210.419
210.442
210.465
210.489
210.512
210.535
210.559
210.582
210.606
210.629
210.652
210.676
210.699
210.722
210.746
210.769
210.792
210.816
210.839
210.863
210.886
210.909
210.933
210.956
210.979
211.003
211.026
211.05
211.073
211.096
211.12
211.143
211.166
211.19
211.213
211.236
211.26
211.283
211.307
211.33
211.353
211.377
211.4
211.423
211.447
211.47
211.494
211.517
211.54
211.564
211.587
211.61
211.634
211.657
211.68
211.704
211.727
211.751
211.774
211.797
211.821
211.844
211.867
211.891
211.914
211.937
211.961
211.984
212.008
212.031
212.054
212.078
212.101
212.124
212.148
212.171
212.195
212.218
212.241
212.265
212.288
212.311
212.335
212.358
212.381
212.405
212.428
212.452
212.475
212.498
212.522
212.545
212.568
212.592
212.615
212.639
212.662
212.685
212.709
212.732
212.755
212.779
212.802
212.825
212.849
212.872
212.896
212.919
212.942
212.966
212.989
213.012
213.036
213.059
213.083
213.106
213.129
213.153
213.176
213.199
213.223
213.246
213.269
213.293
213.316
213.34
213.363
213.386
213.41
213.433
213.456
213.48
213.503
213.526
213.55
213.573
213.597
213.62
213.643
213.667
213.69
213.713
213.737
213.76
213.784
213.807
213.83
213.854
213.877
213.9
213.924
213.947
213.97
213.994
214.017
214.041
214.064
214.087
214.111
214.134
214.157
214.181
214.204
214.228
214.251
214.274
214.298
214.321
214.344
214.368
214.391
214.414
214.438
214.461
214.485
214.508
214.531
214.555
214.578
214.601
214.625
214.648
214.671
214.695
214.718
214.742
214.765
214.788
214.812
214.835
214.858
214.882
214.905
214.929
214.952
214.975
214.999
215.022
215.045
215.069
215.092
215.115
215.139
215.162
215.186
215.209
215.232
215.256
215.279
215.302
215.326
215.349
215.373
215.396
215.419
215.443
215.466
215.489
215.513
215.536
215.559
215.583
215.606
215.63
215.653
215.676
215.7
215.723
215.746
215.77
215.793
215.817
215.84
215.863
215.887
215.91
215.933
215.957
215.98
216.003
216.027
216.05
216.074
216.097
216.12
216.144
216.167
216.19
216.19
216.237
216.26
216.284
216.307
216.331
216.354
216.377
216.401
216.424
216.447
216.471
216.494
216.518
216.541
216.564
216.588
216.611
216.634
216.658
216.681
216.704
216.728
216.751
216.775
216.798
216.821
216.845
216.868
216.891
216.915
216.938
216.962
216.985
217.008
217.032
217.055
217.078
217.102
217.125
217.148
217.172
217.195
217.219
217.242
217.265
217.289
217.312
217.335
217.359
217.382
217.405
217.429
217.452
217.476
217.499
217.522
217.546
217.569
217.592
217.616
217.639
217.663
217.686
217.709
217.733
217.756
217.779
217.803
217.826
217.849
217.873
217.896
217.92
217.943
217.966
217.99
218.013
218.036
218.06
218.083
218.107
218.13
218.153
218.177
218.2
218.223
218.247
218.27
218.293
218.317
218.34
218.364
218.387
218.41
218.434
218.457
218.48
218.504
218.527
218.55
218.574
218.597
218.621
218.644
218.667
218.691
218.714
218.737
218.761
218.784
218.808
218.831
218.854
218.878
218.901
218.924
218.948
218.971
218.994
219.018
219.041
219.065
219.088
219.111
219.135
219.158
219.181
219.205
219.228
219.252
219.275
219.298
219.322
219.345
219.368
219.392
219.415
219.438
219.462
219.485
219.509
219.532
219.555
219.579
219.602
219.625
219.649
219.672
219.696
219.719
219.742
219.766
219.789
219.812
219.836
219.859
219.882
219.906
219.929
219.953
219.976
219.999
220.023
220.046
220.069
220.093
220.116
220.139
220.163
220.186
220.21
220.233
220.256
220.28
220.303
220.326
220.35
220.373
220.397
220.42
220.443
220.467
220.49
220.513
220.537
220.56
220.583
220.607
220.63
220.654
220.677
220.7
220.724
220.747
220.77
220.794
220.817
220.841
220.864
220.887
220.911
220.934
220.957
220.981
221.004
221.027
221.051
221.074
221.098
221.121
221.144
221.168
221.191
221.214
221.238
221.261
221.284
221.308
221.331
221.355
221.378
221.401
221.425
221.448
221.471
221.495
221.518
221.542
221.565
221.588
221.612
221.635
221.658
221.682
221.705
221.728
221.752
221.775
221.799
221.822
221.845
221.869
221.892
221.915
221.939
221.962
221.986
222.009
222.032
222.056
222.079
222.102
222.126
222.149
222.172
222.196
222.219
222.243
222.266
222.289
222.313
222.336
222.359
222.383
222.406
222.43
222.453
222.476
222.5
222.523
222.546
222.57
222.593
222.616
222.64
222.663
222.687
222.71
222.733
222.757
222.78
222.803
222.827
222.85
222.873
222.897
222.92
222.944
222.967
222.99
223.014
223.037
223.06
223.084
223.107
223.131
223.154
223.177
223.201
223.224
223.247
223.271
223.294
223.317
223.341
223.364
223.388
223.411
223.434
223.458
223.481
223.504
223.528
223.551
223.575
223.598
223.621
223.645
223.668
223.691
223.715
223.738
223.761
223.785
223.808
223.832
223.855
223.878
223.902
223.925
223.948
223.972
223.995
224.018
224.042
224.065
224.089
224.112
224.135
224.159
224.182
224.205
224.229
224.252
224.276
224.299
224.322
224.346
224.369
224.392
224.416
224.439
224.462
224.486
224.509
224.533
224.556
224.579
224.603
224.626
224.649
224.673
224.696
224.72
224.743
224.766
224.79
224.813
224.836
224.86
224.883
224.906
224.93
224.953
224.977
225
225.023
225.047
225.07
225.093
225.117
225.14
225.164
225.187
225.21
225.234
225.257
225.28
225.304
225.327
225.35
225.374
225.397
225.421
225.444
225.467
225.491
225.514
225.537
225.561
225.584
225.607
225.631
225.654
225.678
225.701
225.724
225.748
225.771
225.794
225.818
225.841
225.865
225.888
225.911
225.935
225.958
225.981
226.005
226.028
226.051
226.075
226.098
226.122
226.145
226.168
226.192
226.215
226.238
226.262
226.285
226.309
226.332
226.355
226.379
226.402
226.425
226.449
226.472
226.495
226.519
226.542
226.566
226.589
226.612
226.636
226.659
226.682
226.706
226.729
226.752
226.776
226.799
226.823
226.846
226.869
226.893
226.916
226.939
226.963
226.986
227.01
227.033
227.056
227.08
227.103
227.126
227.15
227.173
227.196
227.22
227.243
227.267
227.29
227.313
227.337
227.36
227.383
227.407
227.43
227.454
227.477
227.5
227.524
227.547
227.57
227.594
227.617
227.64
227.664
227.687
227.711
227.734
227.757
227.781
227.804
227.827
227.851
227.874
227.94
227.921
227.944
227.968
227.991
228.014
228.038
228.061
228.084
228.108
228.131
228.155
228.178
228.201
228.225
228.248
228.271
228.295
228.318
228.341
228.365
228.388
228.412
228.435
228.458
228.482
228.505
228.528
228.552
228.575
228.599
228.622
228.645
228.669
228.692
228.715
228.739
228.762
228.785
228.809
228.832
228.856
228.879
228.902
228.926
228.949
228.972
228.996
229.019
229.043
229.066
229.089
229.113
229.136
229.159
229.183
229.206
229.229
229.253
229.276
229.3
229.323
229.346
229.37
229.393
229.416
229.44
229.463
229.486
229.51
229.533
229.557
229.58
229.603
229.627
229.65
229.673
229.697
229.72
229.744
229.767
229.79
229.814
229.837
229.86
229.884
229.907
229.93
229.954
229.977
230.001
230.024
230.047
230.071
230.094
230.117
230.141
230.164
230.188
230.211
230.234
230.258
230.281
230.304
230.328
230.351
230.374
230.398
230.421
230.445
230.468
230.491
230.515
230.538
230.561
230.585
230.608
230.631
230.655
230.678
230.702
230.725
230.748
230.772
230.795
230.818
230.842
230.865
230.889
230.912
230.935
230.959
230.982
231.005
231.029
231.052
231.075
231.099
231.122
231.146
231.169
231.192
231.216
231.239
231.262
231.286
231.309
231.333
231.356
231.379
231.403
231.426
231.449
231.473
231.496
231.519
231.543
231.566
231.59
231.613
231.636
231.66
231.683
231.706
231.73
231.753
231.777
231.8
231.823
231.847
231.87
231.893
231.917
231.94
231.963
231.987
232.01
232.034
232.057
232.08
232.104
232.127
232.15
232.174
232.197
232.22
232.244
232.267
232.291
232.314
232.337
232.361
232.384
232.407
232.431
232.454
232.478
232.501
232.524
232.548
232.571
232.594
232.618
232.641
232.664
232.688
232.711
232.735
232.758
232.781
232.805
232.828
232.851
232.875
232.898
232.922
232.945
232.968
232.992
233.015
233.038
233.062
233.085
233.108
233.132
233.155
233.179
233.202
233.225
233.249
233.272
233.295
233.319
233.342
233.365
233.389
233.412
233.436
233.459
233.482
233.506
233.529
233.552
233.576
233.599
233.623
233.646
233.669
233.693
233.716
233.739
233.763
233.786
233.809
233.833
233.856
233.88
233.903
233.926
233.95
233.973
233.996
234.02
234.043
234.067
234.09
234.113
234.137
234.16
234.183
234.207
234.23
234.253
234.277
234.3
234.324
234.347
234.37
234.394
234.417
234.44
234.464
234.487
234.511
234.534
234.557
234.581
234.604
234.627
234.651
234.674
234.697
234.721
234.744
234.768
234.791
234.814
234.838
234.861
234.884
234.908
234.931
234.954
234.978
235.001
235.025
235.048
235.071
235.095
235.118
235.141
235.165
235.188
235.212
235.235
235.258
235.282
235.305
235.328
235.352
235.375
235.398
235.422
235.445
235.469
235.492
235.515
235.539
235.562
235.585
235.609
235.632
235.656
235.679
235.702
235.726
235.749
235.772
235.796
235.819
235.842
235.866
235.889
235.913
235.936
235.959
235.983
236.006
236.029
236.053
236.076
236.099
236.123
236.146
236.17
236.193
236.216
236.24
236.263
236.286
236.31
236.333
236.357
236.38
236.403
236.427
236.45
236.473
236.497
236.52
236.543
236.567
236.59
236.614
236.637
236.66
236.684
236.707
236.73
236.754
236.777
236.801
236.824
236.847
236.871
236.894
236.917
236.941
236.964
236.987
237.011
237.034
237.058
237.081
237.104
237.128
237.151
237.174
237.198
237.221
237.244
237.268
237.291
237.315
237.338
237.361
237.385
237.408
237.431
237.455
237.478
237.502
237.525
237.548
237.572
237.595
237.618
237.642
237.665
237.688
237.712
237.735
237.759
237.782
237.805
237.829
237.852
237.875
237.899
237.922
237.946
237.969
237.992
238.016
238.039
238.062
238.086
238.109
238.132
238.156
238.179
238.203
238.226
238.249
238.273
238.296
238.319
238.343
238.366
238.39
238.413
238.436
238.46
238.483
238.506
238.53
238.553
238.576
238.6
238.623
238.647
238.67
238.693
238.717
238.74
238.763
238.787
238.81
238.833
238.857
238.88
238.904
238.927
238.95
238.974
238.997
239.02
239.044
239.067
239.091
239.114
239.137
239.161
239.184
239.207
239.231
239.254
239.277
239.301
239.324
239.348
239.371
239.394
239.418
239.441
239.464
239.488
239.511
239.535
239.558
239.581
239.68
239.628
239.651
239.675
239.698
239.721
239.745
239.768
239.792
239.815
239.838
239.862
239.885
239.908
239.932
239.955
239.978
240.002
240.025
240.049
240.072
240.095
240.119
240.142
240.165
240.189
240.212
240.236
240.259
240.282
240.306
240.329
240.352
240.376
240.399
240.422
240.446
240.469
240.493
240.516
240.539
240.563
240.586
240.609
240.633
240.656
240.68
240.703
240.726
240.75
240.773
240.796
240.82
240.843
240.866
240.89
240.913
240.937
240.96
240.983
241.007
241.03
241.053
241.077
241.1
241.124
241.147
241.17
241.194
241.217
241.24
241.264
241.287
241.31
241.334
241.357
241.381
241.404
241.427
241.451
241.474
241.497
241.521
241.544
241.567
241.591
241.614
241.638
241.661
241.684
241.708
241.731
241.754
241.778
241.801
241.825
241.848
241.871
241.895
241.918
241.941
241.965
241.988
242.011
242.035
242.058
242.082
242.105
242.128
242.152
242.175
242.198
242.222
242.245
242.269
242.292
242.315
242.339
242.362
242.385
242.409
242.432
242.455
242.479
242.502
242.526
242.549
242.572
242.596
242.619
242.642
242.666
242.689
242.712
242.736
242.759
242.783
242.806
242.829
242.853
242.876
242.899
242.923
242.946
242.97
242.993
243.016
243.04
243.063
243.086
243.11
243.133
243.156
243.18
243.203
243.227
243.25
243.273
243.297
243.32
243.343
243.367
243.39
243.414
243.437
243.46
243.484
243.507
243.53
243.554
243.577
243.6
243.624
243.647
243.671
243.694
243.717
243.741
243.764
243.787
243.811
243.834
243.858
243.881
243.904
243.928
243.951
243.974
243.998
244.021
244.044
244.068
244.091
244.115
244.138
244.161
244.185
244.208
244.231
244.255
244.278
244.301
244.325
244.348
244.372
244.395
244.418
244.442
244.465
244.488
244.512
244.535
244.559
244.582
244.605
244.629
244.652
244.675
244.699
244.722
244.745
244.769
244.792
244.816
244.839
244.862
244.886
244.909
244.932
244.956
244.979
245.003
245.026
245.049
245.073
245.096
245.119
245.143
245.166
245.189
245.213
245.236
245.26
245.283
245.306
245.33
245.353
245.376
245.4
245.423
245.446
245.47
245.493
245.517
245.54
245.563
245.587
245.61
245.633
245.657
245.68
245.704
245.727
245.75
245.774
245.797
245.82
245.844
245.867
245.89
245.914
245.937
245.961
245.984
246.007
246.031
246.054
246.077
246.101
246.124
246.148
246.171
246.194
246.218
246.241
246.264
246.288
246.311
246.334
246.358
246.381
246.405
246.428
246.451
246.475
246.498
246.521
246.545
246.568
246.591
246.615
246.638
246.662
246.685
246.708
246.732
246.755
246.778
246.802
246.825
246.849
246.872
246.895
246.919
246.942
246.965
246.989
247.012
247.035
247.059
247.082
247.106
247.129
247.152
247.176
247.199
247.222
247.246
247.269
247.293
247.316
247.339
247.363
247.386
247.409
247.433
247.456
247.479
247.503
247.526
247.55
247.573
247.596
247.62
247.643
247.666
247.69
247.713
247.737
247.76
247.783
247.807
247.83
247.853
247.877
247.9
247.923
247.947
247.97
247.994
248.017
248.04
248.064
248.087
248.11
248.134
248.157
248.18
248.204
248.227
248.251
248.274
248.297
248.321
248.344
248.367
248.391
248.414
248.438
248.461
248.484
248.508
248.531
248.554
248.578
248.601
248.624
248.648
248.671
248.695
248.718
248.741
248.765
248.788
248.811
248.835
248.858
248.882
248.905
248.928
248.952
248.975
248.998
249.022
249.045
249.068
249.092
249.115
249.139
249.162
249.185
249.209
249.232
249.255
249.279
249.302
249.325
249.349
249.372
249.396
249.419
249.442
249.466
249.489
249.512
249.536
249.559
249.583
249.606
249.629
249.653
249.676
249.699
249.723
249.746
249.769
249.793
249.816
249.84
249.863
249.886
249.91
249.933
249.956
249.98
250.003
250.027
250.05
250.073
250.097
250.12
250.143
250.167
250.19
250.213
250.237
250.26
250.284
250.307
250.33
250.354
250.377
250.4
250.424
250.447
250.471
250.494
250.517
250.541
250.564
250.587
250.611
250.634
250.657
250.681
250.704
250.728
250.751
250.774
250.798
250.821
250.844
250.868
250.891
250.914
250.938
250.961
250.985
251.008
251.031
251.055
251.078
251.101
251.125
251.148
251.172
251.195
251.218
251.242
251.265
251.42
251.312
251.335
251.358
251.382
251.405
251.429
251.452
251.475
251.499
251.522
251.545
251.569
251.592
251.616
251.639
251.662
251.686
251.709
251.732
251.756
251.779
251.802
251.826
251.849
251.873
251.896
251.919
251.943
251.966
251.989
252.013
252.036
252.059
252.083
252.106
252.13
252.153
252.176
252.2
252.223
252.246
252.27
252.293
252.317
252.34
252.363
252.387
252.41
252.433
252.457
252.48
252.503
252.527
252.55
252.574
252.597
252.62
252.644
252.667
252.69
252.714
252.737
252.761
252.784
252.807
252.831
252.854
252.877
252.901
252.924
252.947
252.971
252.994
253.018
253.041
253.064
253.088
253.111
253.134
253.158
253.181
253.205
253.228
253.251
253.275
253.298
253.321
253.345
253.368
253.391
253.415
253.438
253.462
253.485
253.508
253.532
253.555
253.578
253.602
253.625
253.648
253.672
253.695
253.719
253.742
253.765
253.789
253.812
253.835
253.859
253.882
253.906
253.929
253.952
253.976
253.999
254.022
254.046
254.069
254.092
254.116
254.139
254.163
254.186
254.209
254.233
254.256
254.279
254.303
254.326
254.35
254.373
254.396
254.42
254.443
254.466
254.49
254.513
254.536
254.56
254.583
254.607
254.63
254.653
254.677
254.7
254.723
254.747
254.77
254.793
254.817
254.84
254.864
254.887
254.91
254.934
254.957
254.98
255.004
255.027
255.051
255.074
255.097
255.121
255.144
255.167
255.191
255.214
255.237
255.261
255.284
255.308
255.331
255.354
255.378
255.401
255.424
255.448
255.471
255.495
255.518
255.541
255.565
255.588
255.611
255.635
255.658
255.681
255.705
255.728
255.752
255.775
255.798
255.822
255.845
255.868
255.892
255.915
255.939
255.962
255.985
256.009
256.032
256.055
256.079
256.102
256.125
256.149
256.172
256.196
256.219
256.242
256.266
256.289
256.312
256.336
256.359
256.382
256.406
256.429
256.453
256.476
256.499
256.523
256.546
256.569
256.593
256.616
256.64
256.663
256.686
256.71
256.733
256.756
256.78
256.803
256.826
256.85
256.873
256.897
256.92
256.943
256.967
256.99
257.013
257.037
257.06
257.084
257.107
257.13
257.154
257.177
257.2
257.224
257.247
257.27
257.294
257.317
257.341
257.364
257.387
257.411
257.434
257.457
257.481
257.504
257.527
257.551
257.574
257.598
257.621
257.644
257.668
257.691
257.714
257.738
257.761
257.785
257.808
257.831
257.855
257.878
257.901
257.925
257.948
257.971
257.995
258.018
258.042
258.065
258.088
258.112
258.135
258.158
258.182
258.205
258.229
258.252
258.275
258.299
258.322
258.345
258.369
258.392
258.415
258.439
258.462
258.486
258.509
258.532
258.556
258.579
258.602
258.626
258.649
258.672
258.696
258.719
258.743
258.766
258.789
258.813
258.836
258.859
258.883
258.906
258.93
258.953
258.976
259
259.023
259.046
259.07
259.093
259.116
259.14
259.163
259.187
259.21
259.233
259.257
259.28
259.303
259.327
259.35
259.374
259.397
259.42
259.444
259.467
259.49
259.514
259.537
259.56
259.584
259.607
259.631
259.654
259.677
259.701
259.724
259.747
259.771
259.794
259.818
259.841
259.864
259.888
259.911
259.934
259.958
259.981
260.004
260.028
260.051
260.075
260.098
260.121
260.145
260.168
260.191
260.215
260.238
260.261
260.285
260.308
260.332
260.355
260.378
260.402
260.425
260.448
260.472
260.495
260.519
260.542
260.565
260.589
260.612
260.635
260.659
260.682
260.705
260.729
260.752
260.776
260.799
260.822
260.846
260.869
260.892
260.916
260.939
260.963
260.986
261.009
261.033
261.056
261.079
261.103
261.126
261.149
261.173
261.196
261.22
261.243
261.266
261.29
261.313
261.336
261.36
261.383
261.406
261.43
261.453
261.477
261.5
261.523
261.547
261.57
261.593
261.617
261.64
261.664
261.687
261.71
261.734
261.757
261.78
261.804
261.827
261.85
261.874
261.897
261.921
261.944
261.967
261.991
262.014
262.037
262.061
262.084
262.108
262.131
262.154
262.178
262.201
262.224
262.248
262.271
262.294
262.318
262.341
262.365
262.388
262.411
262.435
262.458
262.481
262.505
262.528
262.552
262.575
262.598
262.622
262.645
262.668
262.692
262.715
262.738
262.762
262.785
262.809
262.832
262.855
262.879
262.902
262.925
262.949
262.77
262.995
263.019
263.042
263.066
263.089
263.112
263.136
263.159
263.182
263.206
263.229
263.253
263.276
263.299
263.323
263.346
263.369
263.393
263.416
263.439
263.463
263.486
263.51
263.533
263.556
263.58
263.603
263.626
263.65
263.673
263.697
263.72
263.743
263.767
263.79
263.813
263.837
263.86
263.883
263.907
263.93
263.954
263.977
264
264.024
264.047
264.07
264.094
264.117
264.14
264.164
264.187
264.211
264.234
264.257
264.281
264.304
264.327
264.351
264.374
264.398
264.421
264.444
264.468
264.491
264.514
264.538
264.561
264.584
264.608
264.631
264.655
264.678
264.701
264.725
264.748
264.771
264.795
264.818
264.842
264.865
264.888
264.912
264.935
264.958
264.982
265.005
265.028
265.052
265.075
265.099
265.122
265.145
265.169
265.192
265.215
265.239
265.262
265.286
265.309
265.332
265.356
265.379
265.402
265.426
265.449
265.472
265.496
265.519
265.543
265.566
265.589
265.613
265.636
265.659
265.683
265.706
265.729
265.753
265.776
265.8
265.823
265.846
265.87
265.893
265.916
265.94
265.963
265.987
266.01
266.033
266.057
266.08
266.103
266.127
266.15
266.173
266.197
266.22
266.244
266.267
266.29
266.314
266.337
266.36
266.384
266.407
266.431
266.454
266.477
266.501
266.524
266.547
266.571
266.594
266.617
266.641
266.664
266.688
266.711
266.734
266.758
266.781
266.804
266.828
266.851
266.874
266.898
266.921
266.945
266.968
266.991
267.015
267.038
267.061
267.085
267.108
267.132
267.155
267.178
267.202
267.225
267.248
267.272
267.295
267.318
267.342
267.365
267.389
267.412
267.435
267.459
267.482
267.505
267.529
267.552
267.576
267.599
267.622
267.646
267.669
267.692
267.716
267.739
267.762
267.786
267.809
267.833
267.856
267.879
267.903
267.926
267.949
267.973
267.996
268.019
268.043
268.066
268.09
268.113
268.136
268.16
268.183
268.206
268.23
268.253
268.277
268.3
268.323
268.347
268.37
268.393
268.417
268.44
268.463
268.487
268.51
268.534
268.557
268.58
268.604
268.627
268.65
268.674
268.697
268.721
268.744
268.767
268.791
268.814
268.837
268.861
268.884
268.907
268.931
268.954
268.978
269.001
269.024
269.048
269.071
269.094
269.118
269.141
269.165
269.188
269.211
269.235
269.258
269.281
269.305
269.328
269.351
269.375
269.398
269.422
269.445
269.468
269.492
269.515
269.538
269.562
269.585
269.608
269.632
269.655
269.679
269.702
269.725
269.749
269.772
269.795
269.819
269.842
269.866
269.889
269.912
269.936
269.959
269.982
270.006
270.029
270.052
270.076
270.099
270.123
270.146
270.169
270.193
270.216
270.239
270.263
270.286
270.31
270.333
270.356
270.38
270.403
270.426
270.45
270.473
270.496
270.52
270.543
270.567
270.59
270.613
270.637
270.66
270.683
270.707
270.73
270.753
270.777
270.8
270.824
270.847
270.87
270.894
270.917
270.94
270.964
270.987
271.011
271.034
271.057
271.081
271.104
271.127
271.151
271.174
271.197
271.221
271.244
271.268
271.291
271.314
271.338
271.361
271.384
271.408
271.431
271.455
271.478
271.501
271.525
271.548
271.571
271.595
271.618
271.641
271.665
271.688
271.712
271.735
271.758
271.782
271.805
271.828
271.852
271.875
271.899
271.922
271.945
271.969
271.992
272.015
272.039
272.062
272.085
272.109
272.132
272.156
272.179
272.202
272.226
272.249
272.272
272.296
272.319
272.342
272.366
272.389
272.413
272.436
272.459
272.483
272.506
272.529
272.553
272.576
272.6
272.623
272.646
272.67
272.693
272.716
272.74
272.763
272.786
272.81
272.833
272.857
272.88
272.903
272.927
272.95
272.973
272.997
273.02
273.044
273.067
273.09
273.114
273.137
273.16
273.184
273.207
273.23
273.254
273.277
273.301
273.324
273.347
273.371
273.394
273.417
273.441
273.464
273.487
273.511
273.534
273.558
273.581
273.604
273.628
273.651
273.674
273.698
273.721
273.745
273.768
273.791
273.815
273.838
273.861
273.885
273.908
273.931
273.955
273.978
274.002
274.025
274.048
274.072
274.095
274.118
274.142
274.165
274.189
274.212
274.235
274.259
274.282
274.305
274.329
274.352
274.375
274.399
274.422
274.446
274.469
274.492
274.516
274.539
274.562
274.586
274.609
274.52
274.656
274.679
274.703
274.726
274.749
274.773
274.796
274.819
274.843
274.866
274.89
274.913
274.936
274.96
274.983
275.006
275.03
275.053
275.076
275.1
275.123
275.147
275.17
275.193
275.217
275.24
275.263
275.287
275.31
275.334
275.357
275.38
275.404
275.427
275.45
275.474
275.497
275.52
275.544
275.567
275.591
275.614
275.637
275.661
275.684
275.707
275.731
275.754
275.778
275.801
275.824
275.848
275.871
275.894
275.918
275.941
275.964
275.988
276.011
276.035
276.058
276.081
276.105
276.128
276.151
276.175
276.198
276.221
276.245
276.268
276.292
276.315
276.338
276.362
276.385
276.408
276.432
276.455
276.479
276.502
276.525
276.549
276.572
276.595
276.619
276.642
276.665
276.689
276.712
276.736
276.759
276.782
276.806
276.829
276.852
276.876
276.899
276.923
276.946
276.969
276.993
277.016
277.039
277.063
277.086
277.109
277.133
277.156
277.18
277.203
277.226
277.25
277.273
277.296
277.32
277.343
277.366
277.39
277.413
277.437
277.46
277.483
277.507
277.53
277.553
277.577
277.6
277.624
277.647
277.67
277.694
277.717
277.74
277.764
277.787
277.81
277.834
277.857
277.881
277.904
277.927
277.951
277.974
277.997
278.021
278.044
278.068
278.091
278.114
278.138
278.161
278.184
278.208
278.231
278.254
278.278
278.301
278.325
278.348
278.371
278.395
278.418
278.441
278.465
278.488
278.512
278.535
278.558
278.582
278.605
278.628
278.652
278.675
278.698
278.722
278.745
278.769
278.792
278.815
278.839
278.862
278.885
278.909
278.932
278.955
278.979
279.002
279.026
279.049
279.072
279.096
279.119
279.142
279.166
279.189
279.213
279.236
279.259
279.283
279.306
279.329
279.353
279.376
279.399
279.423
279.446
279.47
279.493
279.516
279.54
279.563
279.586
279.61
279.633
279.657
279.68
279.703
279.727
279.75
279.773
279.797
279.82
279.843
279.867
279.89
279.914
279.937
279.96
279.984
280.007
280.03
280.054
280.077
280.1
280.124
280.147
280.171
280.194
280.217
280.241
280.264
280.287
280.311
280.334
280.358
280.381
280.404
280.428
280.451
280.474
280.498
280.521
280.544
280.568
280.591
280.615
280.638
280.661
280.685
280.708
280.731
280.755
280.778
280.802
280.825
280.848
280.872
280.895
280.918
280.942
280.965
280.988
281.012
281.035
281.059
281.082
281.105
281.129
281.152
281.175
281.199
281.222
281.246
281.269
281.292
281.316
281.339
281.362
281.386
281.409
281.432
281.456
281.479
281.503
281.526
281.549
281.573
281.596
281.619
281.643
281.666
281.689
281.713
281.736
281.76
281.783
281.806
281.83
281.853
281.876
281.9
281.923
281.947
281.97
281.993
282.017
282.04
282.063
282.087
282.11
282.133
282.157
282.18
282.204
282.227
282.25
282.274
282.297
282.32
282.344
282.367
282.391
282.414
282.437
282.461
282.484
282.507
282.531
282.554
282.577
282.601
282.624
282.648
282.671
282.694
282.718
282.741
282.764
282.788
282.811
282.834
282.858
282.881
282.905
282.928
282.951
282.975
282.998
283.021
283.045
283.068
283.092
283.115
283.138
283.162
283.185
283.208
283.232
283.255
283.278
283.302
283.325
283.349
283.372
283.395
283.419
283.442
283.465
283.489
283.512
283.536
283.559
283.582
283.606
283.629
283.652
283.676
283.699
283.722
283.746
283.769
283.793
283.816
283.839
283.863
283.886
283.909
283.933
283.956
283.979
284.003
284.026
284.05
284.073
284.096
284.12
284.143
284.166
284.19
284.213
284.237
284.26
284.283
284.307
284.33
284.353
284.377
284.4
284.423
284.447
284.47
284.494
284.517
284.54
284.564
284.587
284.61
284.634
284.657
284.681
284.704
284.727
284.751
284.774
284.797
284.821
284.844
284.867
284.891
284.914
284.938
284.961
284.984
285.008
285.031
285.054
285.078
285.101
285.125
285.148
285.171
285.195
285.218
285.241
285.265
285.288
285.311
285.335
285.358
285.382
285.405
285.428
285.452
285.475
285.498
285.522
285.545
285.568
285.592
285.615
285.639
285.662
285.685
285.709
285.732
285.755
285.779
285.802
285.826
285.849
285.872
285.896
285.919
285.942
285.966
285.989
286.012
286.036
286.059
286.083
286.106
286.129
286.153
286.176
286.199
286.223
286.246
286.27
286.293
286.316
286.26
286.363
286.386
286.41
286.433
286.456
286.48
286.503
286.527
286.55
286.573
286.597
286.62
286.643
286.667
286.69
286.713
286.737
286.76
286.784
286.807
286.83
286.854
286.877
286.9
286.924
286.947
286.971
286.994
287.017
287.041
287.064
287.087
287.111
287.134
287.157
287.181
287.204
287.228
287.251
287.274
287.298
287.321
287.344
287.368
287.391
287.415
287.438
287.461
287.485
287.508
287.531
287.555
287.578
287.601
287.625
287.648
287.672
287.695
287.718
287.742
287.765
287.788
287.812
287.835
287.859
287.882
287.905
287.929
287.952
287.975
287.999
288.022
288.045
288.069
288.092
288.116
288.139
288.162
288.186
288.209
288.232
288.256
288.279
288.302
288.326
288.349
288.373
288.396
288.419
288.443
288.466
288.489
288.513
288.536
288.56
288.583
288.606
288.63
288.653
288.676
288.7
288.723
288.746
288.77
288.793
288.817
288.84
288.863
288.887
288.91
288.933
288.957
288.98
289.004
289.027
289.05
289.074
289.097
289.12
289.144
289.167
289.19
289.214
289.237
289.261
289.284
289.307
289.331
289.354
289.377
289.401
289.424
289.447
289.471
289.494
289.518
289.541
289.564
289.588
289.611
289.634
289.658
289.681
289.705
289.728
289.751
289.775
289.798
289.821
289.845
289.868
289.891
289.915
289.938
289.962
289.985
290.008
290.032
290.055
290.078
290.102
290.125
290.149
290.172
290.195
290.219
290.242
290.265
290.289
290.312
290.335
290.359
290.382
290.406
290.429
290.452
290.476
290.499
290.522
290.546
290.569
290.593
290.616
290.639
290.663
290.686
290.709
290.733
290.756
290.779
290.803
290.826
290.85
290.873
290.896
290.92
290.943
290.966
290.99
291.013
291.036
291.06
291.083
291.107
291.13
291.153
291.177
291.2
291.223
291.247
291.27
291.294
291.317
291.34
291.364
291.387
291.41
291.434
291.457
291.48
291.504
291.527
291.551
291.574
291.597
291.621
291.644
291.667
291.691
291.714
291.738
291.761
291.784
291.808
291.831
291.854
291.878
291.901
291.924
291.948
291.971
291.995
292.018
292.041
292.065
292.088
292.111
292.135
292.158
292.181
292.205
292.228
292.252
292.275
292.298
292.322
292.345
292.368
292.392
292.415
292.439
292.462
292.485
292.509
292.532
292.555
292.579
292.602
292.625
292.649
292.672
292.696
292.719
292.742
292.766
292.789
292.812
292.836
292.859
292.883
292.906
292.929
292.953
292.976
292.999
293.023
293.046
293.069
293.093
293.116
293.14
293.163
293.186
293.21
293.233
293.256
293.28
293.303
293.327
293.35
293.373
293.397
293.42
293.443
293.467
293.49
293.513
293.537
293.56
293.584
293.607
293.63
293.654
293.677
293.7
293.724
293.747
293.77
293.794
293.817
293.841
293.864
293.887
293.911
293.934
293.957
293.981
294.004
294.028
294.051
294.074
294.098
294.121
294.144
294.168
294.191
294.214
294.238
294.261
294.285
294.308
294.331
294.355
294.378
294.401
294.425
294.448
294.472
294.495
294.518
294.542
294.565
294.588
294.612
294.635
294.658
294.682
294.705
294.729
294.752
294.775
294.799
294.822
294.845
294.869
294.892
294.915
294.939
294.962
294.986
295.009
295.032
295.056
295.079
295.102
295.126
295.149
295.173
295.196
295.219
295.243
295.266
295.289
295.313
295.336
295.359
295.383
295.406
295.43
295.453
295.476
295.5
295.523
295.546
295.57
295.593
295.617
295.64
295.663
295.687
295.71
295.733
295.757
295.78
295.803
295.827
295.85
295.874
295.897
295.92
295.944
295.967
295.99
296.014
296.037
296.06
296.084
296.107
296.131
296.154
296.177
296.201
296.224
296.247
296.271
296.294
296.318
296.341
296.364
296.388
296.411
296.434
296.458
296.481
296.504
296.528
296.551
296.575
296.598
296.621
296.645
296.668
296.691
296.715
296.738
296.762
296.785
296.808
296.832
296.855
296.878
296.902
296.925
296.948
296.972
296.995
297.019
297.042
297.065
297.089
297.112
297.135
297.159
297.182
297.206
297.229
297.252
297.276
297.299
297.322
297.346
297.369
297.392
297.416
297.439
297.463
297.486
297.509
297.533
297.556
297.579
297.603
297.626
297.649
297.673
297.696
297.72
297.743
297.766
297.79
297.813
297.836
297.86
297.883
297.907
297.93
297.953
297.977
298
)
;

boundaryField
{
    upperWall
    {
        type            zeroGradient;
    }
}


// ************************************************************************* //
