/*--------------------------------*- C++ -*----------------------------------*\
| =========                 |                                                 |
| \\      /  F ield         | OpenFOAM: The Open Source CFD Toolbox           |
|  \\    /   O peration     | Version:  2.4.0                                 |
|   \\  /    A nd           | Web:      www.OpenFOAM.org                      |
|    \\/     M anipulation  |                                                 |
\*---------------------------------------------------------------------------*/
FoamFile
{
    version     2.0;
    format      ascii;
    class       volScalarField;
    location    "1e-06";
    object      T;
}
// * * * * * * * * * * * * * * * * * * * * * * * * * * * * * * * * * * * * * //

dimensions      [0 0 0 1 0 0 0];

internalField   nonuniform List<scalar> 
10000
(
400.01
400.02
400.03
400.04
400.05
400.06
400.07
400.08
400.09
400.1
400.11
400.12
400.13
400.14
400.15
400.16
400.17
400.18
400.19
400.2
400.21
400.22
400.23
400.24
400.25
400.26
400.27
400.28
400.29
400.3
400.31
400.32
400.33
400.34
400.35
400.36
400.37
400.38
400.39
400.4
400.41
400.42
400.43
400.44
400.45
400.46
400.47
400.48
400.49
400.5
400.51
400.52
400.53
400.54
400.55
400.56
400.57
400.58
400.59
400.6
400.61
400.62
400.63
400.64
400.65
400.66
400.67
400.68
400.69
400.7
400.71
400.72
400.73
400.74
400.75
400.76
400.77
400.78
400.79
400.8
400.81
400.82
400.83
400.84
400.85
400.86
400.87
400.88
400.89
400.9
400.91
400.92
400.93
400.94
400.95
400.96
400.97
400.98
400.99
401
401.01
401.02
401.03
401.04
401.05
401.06
401.07
401.08
401.09
401.1
401.11
401.12
401.13
401.14
401.15
401.16
401.17
401.18
401.19
401.2
401.21
401.22
401.23
401.24
401.25
401.26
401.27
401.28
401.29
401.3
401.31
401.32
401.33
401.34
401.35
401.36
401.37
401.38
401.39
401.4
401.41
401.42
401.43
401.44
401.45
401.46
401.47
401.48
401.49
401.5
401.51
401.52
401.53
401.54
401.55
401.56
401.57
401.58
401.59
401.6
401.61
401.62
401.63
401.64
401.65
401.66
401.67
401.68
401.69
401.7
401.71
401.72
401.73
401.74
401.75
401.76
401.77
401.78
401.79
401.8
401.81
401.82
401.83
401.84
401.85
401.86
401.87
401.88
401.89
401.9
401.91
401.92
401.93
401.94
401.95
401.96
401.97
401.98
401.99
402
402.01
402.02
402.03
402.04
402.05
402.06
402.07
402.08
402.09
402.1
402.11
402.12
402.13
402.14
402.15
402.16
402.17
402.18
402.19
402.2
402.21
402.22
402.23
402.24
402.25
402.26
402.27
402.28
402.29
402.3
402.31
402.32
402.33
402.34
402.35
402.36
402.37
402.38
402.39
402.4
402.41
402.42
402.43
402.44
402.45
402.46
402.47
402.48
402.49
402.5
402.51
402.52
402.53
402.54
402.55
402.56
402.57
402.58
402.59
402.6
402.61
402.62
402.63
402.64
402.65
402.66
402.67
402.68
402.69
402.7
402.71
402.72
402.73
402.74
402.75
402.76
402.77
402.78
402.79
402.8
402.81
402.82
402.83
402.84
402.85
402.86
402.87
402.88
402.89
402.9
402.91
402.92
402.93
402.94
402.95
402.96
402.97
402.98
402.99
403
403.01
403.02
403.03
403.04
403.05
403.06
403.07
403.08
403.09
403.1
403.11
403.12
403.13
403.14
403.15
403.16
403.17
403.18
403.19
403.2
403.21
403.22
403.23
403.24
403.25
403.26
403.27
403.28
403.29
403.3
403.31
403.32
403.33
403.34
403.35
403.36
403.37
403.38
403.39
403.4
403.41
403.42
403.43
403.44
403.45
403.46
403.47
403.48
403.49
403.5
403.51
403.52
403.53
403.54
403.55
403.56
403.57
403.58
403.59
403.6
403.61
403.62
403.63
403.64
403.65
403.66
403.67
403.68
403.69
403.7
403.71
403.72
403.73
403.74
403.75
403.76
403.77
403.78
403.79
403.8
403.81
403.82
403.83
403.84
403.85
403.86
403.87
403.88
403.89
403.9
403.91
403.92
403.93
403.94
403.95
403.96
403.97
403.98
403.99
404
404.01
404.02
404.03
404.04
404.05
404.06
404.07
404.08
404.09
404.1
404.11
404.12
404.13
404.14
404.15
404.16
404.17
404.18
404.19
404.2
404.21
404.22
404.23
404.24
404.25
404.26
404.27
404.28
404.29
404.3
404.31
404.32
404.33
404.34
404.35
404.36
404.37
404.38
404.39
404.4
404.41
404.42
404.43
404.44
404.45
404.46
404.47
404.48
404.49
404.5
404.51
404.52
404.53
404.54
404.55
404.56
404.57
404.58
404.59
404.6
404.61
404.62
404.63
404.64
404.65
404.66
404.67
404.68
404.69
404.7
404.71
404.72
404.73
404.74
404.75
404.76
404.77
404.78
404.79
404.8
404.81
404.82
404.83
404.84
404.85
404.86
404.87
404.88
404.89
404.9
404.91
404.92
404.93
404.94
404.95
404.96
404.97
404.98
404.99
405
405.01
405.02
405.03
405.04
405.05
405.06
405.07
405.08
405.09
405.1
405.11
405.12
405.13
405.14
405.15
405.16
405.17
405.18
405.19
405.2
405.21
405.22
405.23
405.24
405.25
405.26
405.27
405.28
405.29
405.3
405.31
405.32
405.33
405.34
405.35
405.36
405.37
405.38
405.39
405.4
405.41
405.42
405.43
405.44
405.45
405.46
405.47
405.48
405.49
405.5
405.51
405.52
405.53
405.54
405.55
405.56
405.57
405.58
405.59
405.6
405.61
405.62
405.63
405.64
405.65
405.66
405.67
405.68
405.69
405.7
405.71
405.72
405.73
405.74
405.75
405.76
405.77
405.78
405.79
405.8
405.81
405.82
405.83
405.84
405.85
405.86
405.87
405.88
405.89
405.9
405.91
405.92
405.93
405.94
405.95
405.96
405.97
405.98
405.99
406
406.01
406.02
406.03
406.04
406.05
406.06
406.07
406.08
406.09
406.1
406.11
406.12
406.13
406.14
406.15
406.16
406.17
406.18
406.19
406.2
406.21
406.22
406.23
406.24
406.25
406.26
406.27
406.28
406.29
406.3
406.31
406.32
406.33
406.34
406.35
406.36
406.37
406.38
406.39
406.4
406.41
406.42
406.43
406.44
406.45
406.46
406.47
406.48
406.49
406.5
406.51
406.52
406.53
406.54
406.55
406.56
406.57
406.58
406.59
406.6
406.61
406.62
406.63
406.64
406.65
406.66
406.67
406.68
406.69
406.7
406.71
406.72
406.73
406.74
406.75
406.76
406.77
406.78
406.79
406.8
406.81
406.82
406.83
406.84
406.85
406.86
406.87
406.88
406.89
406.9
406.91
406.92
406.93
406.94
406.95
406.96
406.97
406.98
406.99
407
407.01
407.02
407.03
407.04
407.05
407.06
407.07
407.08
407.09
407.1
407.11
407.12
407.13
407.14
407.15
407.16
407.17
407.18
407.19
407.2
407.21
407.22
407.23
407.24
407.25
407.26
407.27
407.28
407.29
407.3
407.31
407.32
407.33
407.34
407.35
407.36
407.37
407.38
407.39
407.4
407.41
407.42
407.43
407.44
407.45
407.46
407.47
407.48
407.49
407.5
407.51
407.52
407.53
407.54
407.55
407.56
407.57
407.58
407.59
407.6
407.61
407.62
407.63
407.64
407.65
407.66
407.67
407.68
407.69
407.7
407.71
407.72
407.73
407.74
407.75
407.76
407.77
407.78
407.79
407.8
407.81
407.82
407.83
407.84
407.85
407.86
407.87
407.88
407.89
407.9
407.91
407.92
407.93
407.94
407.95
407.96
407.97
407.98
407.99
408
408.01
408.02
408.03
408.04
408.05
408.06
408.07
408.08
408.09
408.1
408.11
408.12
408.13
408.14
408.15
408.16
408.17
408.18
408.19
408.2
408.21
408.22
408.23
408.24
408.25
408.26
408.27
408.28
408.29
408.3
408.31
408.32
408.33
408.34
408.35
408.36
408.37
408.38
408.39
408.4
408.41
408.42
408.43
408.44
408.45
408.46
408.47
408.48
408.49
408.5
408.51
408.52
408.53
408.54
408.55
408.56
408.57
408.58
408.59
408.6
408.61
408.62
408.63
408.64
408.65
408.66
408.67
408.68
408.69
408.7
408.71
408.72
408.73
408.74
408.75
408.76
408.77
408.78
408.79
408.8
408.81
408.82
408.83
408.84
408.85
408.86
408.87
408.88
408.89
408.9
408.91
408.92
408.93
408.94
408.95
408.96
408.97
408.98
408.99
409
409.01
409.02
409.03
409.04
409.05
409.06
409.07
409.08
409.09
409.1
409.11
409.12
409.13
409.14
409.15
409.16
409.17
409.18
409.19
409.2
409.21
409.22
409.23
409.24
409.25
409.26
409.27
409.28
409.29
409.3
409.31
409.32
409.33
409.34
409.35
409.36
409.37
409.38
409.39
409.4
409.41
409.42
409.43
409.44
409.45
409.46
409.47
409.48
409.49
409.5
409.51
409.52
409.53
409.54
409.55
409.56
409.57
409.58
409.59
409.6
409.61
409.62
409.63
409.64
409.65
409.66
409.67
409.68
409.69
409.7
409.71
409.72
409.73
409.74
409.75
409.76
409.77
409.78
409.79
409.8
409.81
409.82
409.83
409.84
409.85
409.86
409.87
409.88
409.89
409.9
409.91
409.92
409.93
409.94
409.95
409.96
409.97
409.98
409.99
410
410.01
410.02
410.03
410.04
410.05
410.06
410.07
410.08
410.09
410.1
410.11
410.12
410.13
410.14
410.15
410.16
410.17
410.18
410.19
410.2
410.21
410.22
410.23
410.24
410.25
410.26
410.27
410.28
410.29
410.3
410.31
410.32
410.33
410.34
410.35
410.36
410.37
410.38
410.39
410.4
410.41
410.42
410.43
410.44
410.45
410.46
410.47
410.48
410.49
410.5
410.51
410.52
410.53
410.54
410.55
410.56
410.57
410.58
410.59
410.6
410.61
410.62
410.63
410.64
410.65
410.66
410.67
410.68
410.69
410.7
410.71
410.72
410.73
410.74
410.75
410.76
410.77
410.78
410.79
410.8
410.81
410.82
410.83
410.84
410.85
410.86
410.87
410.88
410.89
410.9
410.91
410.92
410.93
410.94
410.95
410.96
410.97
410.98
410.99
411
411.01
411.02
411.03
411.04
411.05
411.06
411.07
411.08
411.09
411.1
411.11
411.12
411.13
411.14
411.15
411.16
411.17
411.18
411.19
411.2
411.21
411.22
411.23
411.24
411.25
411.26
411.27
411.28
411.29
411.3
411.31
411.32
411.33
411.34
411.35
411.36
411.37
411.38
411.39
411.4
411.41
411.42
411.43
411.44
411.45
411.46
411.47
411.48
411.49
411.5
411.51
411.52
411.53
411.54
411.55
411.56
411.57
411.58
411.59
411.6
411.61
411.62
411.63
411.64
411.65
411.66
411.67
411.68
411.69
411.7
411.71
411.72
411.73
411.74
411.75
411.76
411.77
411.78
411.79
411.8
411.81
411.82
411.83
411.84
411.85
411.86
411.87
411.88
411.89
411.9
411.91
411.92
411.93
411.94
411.95
411.96
411.97
411.98
411.99
412
412.01
412.02
412.03
412.04
412.05
412.06
412.07
412.08
412.09
412.1
412.11
412.12
412.13
412.14
412.15
412.16
412.17
412.18
412.19
412.2
412.21
412.22
412.23
412.24
412.25
412.26
412.27
412.28
412.29
412.3
412.31
412.32
412.33
412.34
412.35
412.36
412.37
412.38
412.39
412.4
412.41
412.42
412.43
412.44
412.45
412.46
412.47
412.48
412.49
412.5
412.51
412.52
412.53
412.54
412.55
412.56
412.57
412.58
412.59
412.6
412.61
412.62
412.63
412.64
412.65
412.66
412.67
412.68
412.69
412.7
412.71
412.72
412.73
412.74
412.75
412.76
412.77
412.78
412.79
412.8
412.81
412.82
412.83
412.84
412.85
412.86
412.87
412.88
412.89
412.9
412.91
412.92
412.93
412.94
412.95
412.96
412.97
412.98
412.99
413
413.01
413.02
413.03
413.04
413.05
413.06
413.07
413.08
413.09
413.1
413.11
413.12
413.13
413.14
413.15
413.16
413.17
413.18
413.19
413.2
413.21
413.22
413.23
413.24
413.25
413.26
413.27
413.28
413.29
413.3
413.31
413.32
413.33
413.34
413.35
413.36
413.37
413.38
413.39
413.4
413.41
413.42
413.43
413.44
413.45
413.46
413.47
413.48
413.49
413.5
413.51
413.52
413.53
413.54
413.55
413.56
413.57
413.58
413.59
413.6
413.61
413.62
413.63
413.64
413.65
413.66
413.67
413.68
413.69
413.7
413.71
413.72
413.73
413.74
413.75
413.76
413.77
413.78
413.79
413.8
413.81
413.82
413.83
413.84
413.85
413.86
413.87
413.88
413.89
413.9
413.91
413.92
413.93
413.94
413.95
413.96
413.97
413.98
413.99
414
414.01
414.02
414.03
414.04
414.05
414.06
414.07
414.08
414.09
414.1
414.11
414.12
414.13
414.14
414.15
414.16
414.17
414.18
414.19
414.2
414.21
414.22
414.23
414.24
414.25
414.26
414.27
414.28
414.29
414.3
414.31
414.32
414.33
414.34
414.35
414.36
414.37
414.38
414.39
414.4
414.41
414.42
414.43
414.44
414.45
414.46
414.47
414.48
414.49
414.5
414.51
414.52
414.53
414.54
414.55
414.56
414.57
414.58
414.59
414.6
414.61
414.62
414.63
414.64
414.65
414.66
414.67
414.68
414.69
414.7
414.71
414.72
414.73
414.74
414.75
414.76
414.77
414.78
414.79
414.8
414.81
414.82
414.83
414.84
414.85
414.86
414.87
414.88
414.89
414.9
414.91
414.92
414.93
414.94
414.95
414.96
414.97
414.98
414.99
415
415.01
415.02
415.03
415.04
415.05
415.06
415.07
415.08
415.09
415.1
415.11
415.12
415.13
415.14
415.15
415.16
415.17
415.18
415.19
415.2
415.21
415.22
415.23
415.24
415.25
415.26
415.27
415.28
415.29
415.3
415.31
415.32
415.33
415.34
415.35
415.36
415.37
415.38
415.39
415.4
415.41
415.42
415.43
415.44
415.45
415.46
415.47
415.48
415.49
415.5
415.51
415.52
415.53
415.54
415.55
415.56
415.57
415.58
415.59
415.6
415.61
415.62
415.63
415.64
415.65
415.66
415.67
415.68
415.69
415.7
415.71
415.72
415.73
415.74
415.75
415.76
415.77
415.78
415.79
415.8
415.81
415.82
415.83
415.84
415.85
415.86
415.87
415.88
415.89
415.9
415.91
415.92
415.93
415.94
415.95
415.96
415.97
415.98
415.99
416
416.01
416.02
416.03
416.04
416.05
416.06
416.07
416.08
416.09
416.1
416.11
416.12
416.13
416.14
416.15
416.16
416.17
416.18
416.19
416.2
416.21
416.22
416.23
416.24
416.25
416.26
416.27
416.28
416.29
416.3
416.31
416.32
416.33
416.34
416.35
416.36
416.37
416.38
416.39
416.4
416.41
416.42
416.43
416.44
416.45
416.46
416.47
416.48
416.49
416.5
416.51
416.52
416.53
416.54
416.55
416.56
416.57
416.58
416.59
416.6
416.61
416.62
416.63
416.64
416.65
416.66
416.67
416.68
416.69
416.7
416.71
416.72
416.73
416.74
416.75
416.76
416.77
416.78
416.79
416.8
416.81
416.82
416.83
416.84
416.85
416.86
416.87
416.88
416.89
416.9
416.91
416.92
416.93
416.94
416.95
416.96
416.97
416.98
416.99
417
417.01
417.02
417.03
417.04
417.05
417.06
417.07
417.08
417.09
417.1
417.11
417.12
417.13
417.14
417.15
417.16
417.17
417.18
417.19
417.2
417.21
417.22
417.23
417.24
417.25
417.26
417.27
417.28
417.29
417.3
417.31
417.32
417.33
417.34
417.35
417.36
417.37
417.38
417.39
417.4
417.41
417.42
417.43
417.44
417.45
417.46
417.47
417.48
417.49
417.5
417.51
417.52
417.53
417.54
417.55
417.56
417.57
417.58
417.59
417.6
417.61
417.62
417.63
417.64
417.65
417.66
417.67
417.68
417.69
417.7
417.71
417.72
417.73
417.74
417.75
417.76
417.77
417.78
417.79
417.8
417.81
417.82
417.83
417.84
417.85
417.86
417.87
417.88
417.89
417.9
417.91
417.92
417.93
417.94
417.95
417.96
417.97
417.98
417.99
418
418.01
418.02
418.03
418.04
418.05
418.06
418.07
418.08
418.09
418.1
418.11
418.12
418.13
418.14
418.15
418.16
418.17
418.18
418.19
418.2
418.21
418.22
418.23
418.24
418.25
418.26
418.27
418.28
418.29
418.3
418.31
418.32
418.33
418.34
418.35
418.36
418.37
418.38
418.39
418.4
418.41
418.42
418.43
418.44
418.45
418.46
418.47
418.48
418.49
418.5
418.51
418.52
418.53
418.54
418.55
418.56
418.57
418.58
418.59
418.6
418.61
418.62
418.63
418.64
418.65
418.66
418.67
418.68
418.69
418.7
418.71
418.72
418.73
418.74
418.75
418.76
418.77
418.78
418.79
418.8
418.81
418.82
418.83
418.84
418.85
418.86
418.87
418.88
418.89
418.9
418.91
418.92
418.93
418.94
418.95
418.96
418.97
418.98
418.99
419
419.01
419.02
419.03
419.04
419.05
419.06
419.07
419.08
419.09
419.1
419.11
419.12
419.13
419.14
419.15
419.16
419.17
419.18
419.19
419.2
419.21
419.22
419.23
419.24
419.25
419.26
419.27
419.28
419.29
419.3
419.31
419.32
419.33
419.34
419.35
419.36
419.37
419.38
419.39
419.4
419.41
419.42
419.43
419.44
419.45
419.46
419.47
419.48
419.49
419.5
419.51
419.52
419.53
419.54
419.55
419.56
419.57
419.58
419.59
419.6
419.61
419.62
419.63
419.64
419.65
419.66
419.67
419.68
419.69
419.7
419.71
419.72
419.73
419.74
419.75
419.76
419.77
419.78
419.79
419.8
419.81
419.82
419.83
419.84
419.85
419.86
419.87
419.88
419.89
419.9
419.91
419.92
419.93
419.94
419.95
419.96
419.97
419.98
419.99
420
420.01
420.02
420.03
420.04
420.05
420.06
420.07
420.08
420.09
420.1
420.11
420.12
420.13
420.14
420.15
420.16
420.17
420.18
420.19
420.2
420.21
420.22
420.23
420.24
420.25
420.26
420.27
420.28
420.29
420.3
420.31
420.32
420.33
420.34
420.35
420.36
420.37
420.38
420.39
420.4
420.41
420.42
420.43
420.44
420.45
420.46
420.47
420.48
420.49
420.5
420.51
420.52
420.53
420.54
420.55
420.56
420.57
420.58
420.59
420.6
420.61
420.62
420.63
420.64
420.65
420.66
420.67
420.68
420.69
420.7
420.71
420.72
420.73
420.74
420.75
420.76
420.77
420.78
420.79
420.8
420.81
420.82
420.83
420.84
420.85
420.86
420.87
420.88
420.89
420.9
420.91
420.92
420.93
420.94
420.95
420.96
420.97
420.98
420.99
421
421.01
421.02
421.03
421.04
421.05
421.06
421.07
421.08
421.09
421.1
421.11
421.12
421.13
421.14
421.15
421.16
421.17
421.18
421.19
421.2
421.21
421.22
421.23
421.24
421.25
421.26
421.27
421.28
421.29
421.3
421.31
421.32
421.33
421.34
421.35
421.36
421.37
421.38
421.39
421.4
421.41
421.42
421.43
421.44
421.45
421.46
421.47
421.48
421.49
421.5
421.51
421.52
421.53
421.54
421.55
421.56
421.57
421.58
421.59
421.6
421.61
421.62
421.63
421.64
421.65
421.66
421.67
421.68
421.69
421.7
421.71
421.72
421.73
421.74
421.75
421.76
421.77
421.78
421.79
421.8
421.81
421.82
421.83
421.84
421.85
421.86
421.87
421.88
421.89
421.9
421.91
421.92
421.93
421.94
421.95
421.96
421.97
421.98
421.99
422
422.01
422.02
422.03
422.04
422.05
422.06
422.07
422.08
422.09
422.1
422.11
422.12
422.13
422.14
422.15
422.16
422.17
422.18
422.19
422.2
422.21
422.22
422.23
422.24
422.25
422.26
422.27
422.28
422.29
422.3
422.31
422.32
422.33
422.34
422.35
422.36
422.37
422.38
422.39
422.4
422.41
422.42
422.43
422.44
422.45
422.46
422.47
422.48
422.49
422.5
422.51
422.52
422.53
422.54
422.55
422.56
422.57
422.58
422.59
422.6
422.61
422.62
422.63
422.64
422.65
422.66
422.67
422.68
422.69
422.7
422.71
422.72
422.73
422.74
422.75
422.76
422.77
422.78
422.79
422.8
422.81
422.82
422.83
422.84
422.85
422.86
422.87
422.88
422.89
422.9
422.91
422.92
422.93
422.94
422.95
422.96
422.97
422.98
422.99
423
423.01
423.02
423.03
423.04
423.05
423.06
423.07
423.08
423.09
423.1
423.11
423.12
423.13
423.14
423.15
423.16
423.17
423.18
423.19
423.2
423.21
423.22
423.23
423.24
423.25
423.26
423.27
423.28
423.29
423.3
423.31
423.32
423.33
423.34
423.35
423.36
423.37
423.38
423.39
423.4
423.41
423.42
423.43
423.44
423.45
423.46
423.47
423.48
423.49
423.5
423.51
423.52
423.53
423.54
423.55
423.56
423.57
423.58
423.59
423.6
423.61
423.62
423.63
423.64
423.65
423.66
423.67
423.68
423.69
423.7
423.71
423.72
423.73
423.74
423.75
423.76
423.77
423.78
423.79
423.8
423.81
423.82
423.83
423.84
423.85
423.86
423.87
423.88
423.89
423.9
423.91
423.92
423.93
423.94
423.95
423.96
423.97
423.98
423.99
424
424.01
424.02
424.03
424.04
424.05
424.06
424.07
424.08
424.09
424.1
424.11
424.12
424.13
424.14
424.15
424.16
424.17
424.18
424.19
424.2
424.21
424.22
424.23
424.24
424.25
424.26
424.27
424.28
424.29
424.3
424.31
424.32
424.33
424.34
424.35
424.36
424.37
424.38
424.39
424.4
424.41
424.42
424.43
424.44
424.45
424.46
424.47
424.48
424.49
424.5
424.51
424.52
424.53
424.54
424.55
424.56
424.57
424.58
424.59
424.6
424.61
424.62
424.63
424.64
424.65
424.66
424.67
424.68
424.69
424.7
424.71
424.72
424.73
424.74
424.75
424.76
424.77
424.78
424.79
424.8
424.81
424.82
424.83
424.84
424.85
424.86
424.87
424.88
424.89
424.9
424.91
424.92
424.93
424.94
424.95
424.96
424.97
424.98
424.99
425
425.01
425.02
425.03
425.04
425.05
425.06
425.07
425.08
425.09
425.1
425.11
425.12
425.13
425.14
425.15
425.16
425.17
425.18
425.19
425.2
425.21
425.22
425.23
425.24
425.25
425.26
425.27
425.28
425.29
425.3
425.31
425.32
425.33
425.34
425.35
425.36
425.37
425.38
425.39
425.4
425.41
425.42
425.43
425.44
425.45
425.46
425.47
425.48
425.49
425.5
425.51
425.52
425.53
425.54
425.55
425.56
425.57
425.58
425.59
425.6
425.61
425.62
425.63
425.64
425.65
425.66
425.67
425.68
425.69
425.7
425.71
425.72
425.73
425.74
425.75
425.76
425.77
425.78
425.79
425.8
425.81
425.82
425.83
425.84
425.85
425.86
425.87
425.88
425.89
425.9
425.91
425.92
425.93
425.94
425.95
425.96
425.97
425.98
425.99
426
426.01
426.02
426.03
426.04
426.05
426.06
426.07
426.08
426.09
426.1
426.11
426.12
426.13
426.14
426.15
426.16
426.17
426.18
426.19
426.2
426.21
426.22
426.23
426.24
426.25
426.26
426.27
426.28
426.29
426.3
426.31
426.32
426.33
426.34
426.35
426.36
426.37
426.38
426.39
426.4
426.41
426.42
426.43
426.44
426.45
426.46
426.47
426.48
426.49
426.5
426.51
426.52
426.53
426.54
426.55
426.56
426.57
426.58
426.59
426.6
426.61
426.62
426.63
426.64
426.65
426.66
426.67
426.68
426.69
426.7
426.71
426.72
426.73
426.74
426.75
426.76
426.77
426.78
426.79
426.8
426.81
426.82
426.83
426.84
426.85
426.86
426.87
426.88
426.89
426.9
426.91
426.92
426.93
426.94
426.95
426.96
426.97
426.98
426.99
427
427.01
427.02
427.03
427.04
427.05
427.06
427.07
427.08
427.09
427.1
427.11
427.12
427.13
427.14
427.15
427.16
427.17
427.18
427.19
427.2
427.21
427.22
427.23
427.24
427.25
427.26
427.27
427.28
427.29
427.3
427.31
427.32
427.33
427.34
427.35
427.36
427.37
427.38
427.39
427.4
427.41
427.42
427.43
427.44
427.45
427.46
427.47
427.48
427.49
427.5
427.51
427.52
427.53
427.54
427.55
427.56
427.57
427.58
427.59
427.6
427.61
427.62
427.63
427.64
427.65
427.66
427.67
427.68
427.69
427.7
427.71
427.72
427.73
427.74
427.75
427.76
427.77
427.78
427.79
427.8
427.81
427.82
427.83
427.84
427.85
427.86
427.87
427.88
427.89
427.9
427.91
427.92
427.93
427.94
427.95
427.96
427.97
427.98
427.99
428
428.01
428.02
428.03
428.04
428.05
428.06
428.07
428.08
428.09
428.1
428.11
428.12
428.13
428.14
428.15
428.16
428.17
428.18
428.19
428.2
428.21
428.22
428.23
428.24
428.25
428.26
428.27
428.28
428.29
428.3
428.31
428.32
428.33
428.34
428.35
428.36
428.37
428.38
428.39
428.4
428.41
428.42
428.43
428.44
428.45
428.46
428.47
428.48
428.49
428.5
428.51
428.52
428.53
428.54
428.55
428.56
428.57
428.58
428.59
428.6
428.61
428.62
428.63
428.64
428.65
428.66
428.67
428.68
428.69
428.7
428.71
428.72
428.73
428.74
428.75
428.76
428.77
428.78
428.79
428.8
428.81
428.82
428.83
428.84
428.85
428.86
428.87
428.88
428.89
428.9
428.91
428.92
428.93
428.94
428.95
428.96
428.97
428.98
428.99
429
429.01
429.02
429.03
429.04
429.05
429.06
429.07
429.08
429.09
429.1
429.11
429.12
429.13
429.14
429.15
429.16
429.17
429.18
429.19
429.2
429.21
429.22
429.23
429.24
429.25
429.26
429.27
429.28
429.29
429.3
429.31
429.32
429.33
429.34
429.35
429.36
429.37
429.38
429.39
429.4
429.41
429.42
429.43
429.44
429.45
429.46
429.47
429.48
429.49
429.5
429.51
429.52
429.53
429.54
429.55
429.56
429.57
429.58
429.59
429.6
429.61
429.62
429.63
429.64
429.65
429.66
429.67
429.68
429.69
429.7
429.71
429.72
429.73
429.74
429.75
429.76
429.77
429.78
429.79
429.8
429.81
429.82
429.83
429.84
429.85
429.86
429.87
429.88
429.89
429.9
429.91
429.92
429.93
429.94
429.95
429.96
429.97
429.98
429.99
430
430.01
430.02
430.03
430.04
430.05
430.06
430.07
430.08
430.09
430.1
430.11
430.12
430.13
430.14
430.15
430.16
430.17
430.18
430.19
430.2
430.21
430.22
430.23
430.24
430.25
430.26
430.27
430.28
430.29
430.3
430.31
430.32
430.33
430.34
430.35
430.36
430.37
430.38
430.39
430.4
430.41
430.42
430.43
430.44
430.45
430.46
430.47
430.48
430.49
430.5
430.51
430.52
430.53
430.54
430.55
430.56
430.57
430.58
430.59
430.6
430.61
430.62
430.63
430.64
430.65
430.66
430.67
430.68
430.69
430.7
430.71
430.72
430.73
430.74
430.75
430.76
430.77
430.78
430.79
430.8
430.81
430.82
430.83
430.84
430.85
430.86
430.87
430.88
430.89
430.9
430.91
430.92
430.93
430.94
430.95
430.96
430.97
430.98
430.99
431
431.01
431.02
431.03
431.04
431.05
431.06
431.07
431.08
431.09
431.1
431.11
431.12
431.13
431.14
431.15
431.16
431.17
431.18
431.19
431.2
431.21
431.22
431.23
431.24
431.25
431.26
431.27
431.28
431.29
431.3
431.31
431.32
431.33
431.34
431.35
431.36
431.37
431.38
431.39
431.4
431.41
431.42
431.43
431.44
431.45
431.46
431.47
431.48
431.49
431.5
431.51
431.52
431.53
431.54
431.55
431.56
431.57
431.58
431.59
431.6
431.61
431.62
431.63
431.64
431.65
431.66
431.67
431.68
431.69
431.7
431.71
431.72
431.73
431.74
431.75
431.76
431.77
431.78
431.79
431.8
431.81
431.82
431.83
431.84
431.85
431.86
431.87
431.88
431.89
431.9
431.91
431.92
431.93
431.94
431.95
431.96
431.97
431.98
431.99
432
432.01
432.02
432.03
432.04
432.05
432.06
432.07
432.08
432.09
432.1
432.11
432.12
432.13
432.14
432.15
432.16
432.17
432.18
432.19
432.2
432.21
432.22
432.23
432.24
432.25
432.26
432.27
432.28
432.29
432.3
432.31
432.32
432.33
432.34
432.35
432.36
432.37
432.38
432.39
432.4
432.41
432.42
432.43
432.44
432.45
432.46
432.47
432.48
432.49
432.5
432.51
432.52
432.53
432.54
432.55
432.56
432.57
432.58
432.59
432.6
432.61
432.62
432.63
432.64
432.65
432.66
432.67
432.68
432.69
432.7
432.71
432.72
432.73
432.74
432.75
432.76
432.77
432.78
432.79
432.8
432.81
432.82
432.83
432.84
432.85
432.86
432.87
432.88
432.89
432.9
432.91
432.92
432.93
432.94
432.95
432.96
432.97
432.98
432.99
433
433.01
433.02
433.03
433.04
433.05
433.06
433.07
433.08
433.09
433.1
433.11
433.12
433.13
433.14
433.15
433.16
433.17
433.18
433.19
433.2
433.21
433.22
433.23
433.24
433.25
433.26
433.27
433.28
433.29
433.3
433.31
433.32
433.33
433.34
433.35
433.36
433.37
433.38
433.39
433.4
433.41
433.42
433.43
433.44
433.45
433.46
433.47
433.48
433.49
433.5
433.51
433.52
433.53
433.54
433.55
433.56
433.57
433.58
433.59
433.6
433.61
433.62
433.63
433.64
433.65
433.66
433.67
433.68
433.69
433.7
433.71
433.72
433.73
433.74
433.75
433.76
433.77
433.78
433.79
433.8
433.81
433.82
433.83
433.84
433.85
433.86
433.87
433.88
433.89
433.9
433.91
433.92
433.93
433.94
433.95
433.96
433.97
433.98
433.99
434
434.01
434.02
434.03
434.04
434.05
434.06
434.07
434.08
434.09
434.1
434.11
434.12
434.13
434.14
434.15
434.16
434.17
434.18
434.19
434.2
434.21
434.22
434.23
434.24
434.25
434.26
434.27
434.28
434.29
434.3
434.31
434.32
434.33
434.34
434.35
434.36
434.37
434.38
434.39
434.4
434.41
434.42
434.43
434.44
434.45
434.46
434.47
434.48
434.49
434.5
434.51
434.52
434.53
434.54
434.55
434.56
434.57
434.58
434.59
434.6
434.61
434.62
434.63
434.64
434.65
434.66
434.67
434.68
434.69
434.7
434.71
434.72
434.73
434.74
434.75
434.76
434.77
434.78
434.79
434.8
434.81
434.82
434.83
434.84
434.85
434.86
434.87
434.88
434.89
434.9
434.91
434.92
434.93
434.94
434.95
434.96
434.97
434.98
434.99
435
435.01
435.02
435.03
435.04
435.05
435.06
435.07
435.08
435.09
435.1
435.11
435.12
435.13
435.14
435.15
435.16
435.17
435.18
435.19
435.2
435.21
435.22
435.23
435.24
435.25
435.26
435.27
435.28
435.29
435.3
435.31
435.32
435.33
435.34
435.35
435.36
435.37
435.38
435.39
435.4
435.41
435.42
435.43
435.44
435.45
435.46
435.47
435.48
435.49
435.5
435.51
435.52
435.53
435.54
435.55
435.56
435.57
435.58
435.59
435.6
435.61
435.62
435.63
435.64
435.65
435.66
435.67
435.68
435.69
435.7
435.71
435.72
435.73
435.74
435.75
435.76
435.77
435.78
435.79
435.8
435.81
435.82
435.83
435.84
435.85
435.86
435.87
435.88
435.89
435.9
435.91
435.92
435.93
435.94
435.95
435.96
435.97
435.98
435.99
436
436.01
436.02
436.03
436.04
436.05
436.06
436.07
436.08
436.09
436.1
436.11
436.12
436.13
436.14
436.15
436.16
436.17
436.18
436.19
436.2
436.21
436.22
436.23
436.24
436.25
436.26
436.27
436.28
436.29
436.3
436.31
436.32
436.33
436.34
436.35
436.36
436.37
436.38
436.39
436.4
436.41
436.42
436.43
436.44
436.45
436.46
436.47
436.48
436.49
436.5
436.51
436.52
436.53
436.54
436.55
436.56
436.57
436.58
436.59
436.6
436.61
436.62
436.63
436.64
436.65
436.66
436.67
436.68
436.69
436.7
436.71
436.72
436.73
436.74
436.75
436.76
436.77
436.78
436.79
436.8
436.81
436.82
436.83
436.84
436.85
436.86
436.87
436.88
436.89
436.9
436.91
436.92
436.93
436.94
436.95
436.96
436.97
436.98
436.99
437
437.01
437.02
437.03
437.04
437.05
437.06
437.07
437.08
437.09
437.1
437.11
437.12
437.13
437.14
437.15
437.16
437.17
437.18
437.19
437.2
437.21
437.22
437.23
437.24
437.25
437.26
437.27
437.28
437.29
437.3
437.31
437.32
437.33
437.34
437.35
437.36
437.37
437.38
437.39
437.4
437.41
437.42
437.43
437.44
437.45
437.46
437.47
437.48
437.49
437.5
437.51
437.52
437.53
437.54
437.55
437.56
437.57
437.58
437.59
437.6
437.61
437.62
437.63
437.64
437.65
437.66
437.67
437.68
437.69
437.7
437.71
437.72
437.73
437.74
437.75
437.76
437.77
437.78
437.79
437.8
437.81
437.82
437.83
437.84
437.85
437.86
437.87
437.88
437.89
437.9
437.91
437.92
437.93
437.94
437.95
437.96
437.97
437.98
437.99
438
438.01
438.02
438.03
438.04
438.05
438.06
438.07
438.08
438.09
438.1
438.11
438.12
438.13
438.14
438.15
438.16
438.17
438.18
438.19
438.2
438.21
438.22
438.23
438.24
438.25
438.26
438.27
438.28
438.29
438.3
438.31
438.32
438.33
438.34
438.35
438.36
438.37
438.38
438.39
438.4
438.41
438.42
438.43
438.44
438.45
438.46
438.47
438.48
438.49
438.5
438.51
438.52
438.53
438.54
438.55
438.56
438.57
438.58
438.59
438.6
438.61
438.62
438.63
438.64
438.65
438.66
438.67
438.68
438.69
438.7
438.71
438.72
438.73
438.74
438.75
438.76
438.77
438.78
438.79
438.8
438.81
438.82
438.83
438.84
438.85
438.86
438.87
438.88
438.89
438.9
438.91
438.92
438.93
438.94
438.95
438.96
438.97
438.98
438.99
439
439.01
439.02
439.03
439.04
439.05
439.06
439.07
439.08
439.09
439.1
439.11
439.12
439.13
439.14
439.15
439.16
439.17
439.18
439.19
439.2
439.21
439.22
439.23
439.24
439.25
439.26
439.27
439.28
439.29
439.3
439.31
439.32
439.33
439.34
439.35
439.36
439.37
439.38
439.39
439.4
439.41
439.42
439.43
439.44
439.45
439.46
439.47
439.48
439.49
439.5
439.51
439.52
439.53
439.54
439.55
439.56
439.57
439.58
439.59
439.6
439.61
439.62
439.63
439.64
439.65
439.66
439.67
439.68
439.69
439.7
439.71
439.72
439.73
439.74
439.75
439.76
439.77
439.78
439.79
439.8
439.81
439.82
439.83
439.84
439.85
439.86
439.87
439.88
439.89
439.9
439.91
439.92
439.93
439.94
439.95
439.96
439.97
439.98
439.99
440
440.01
440.02
440.03
440.04
440.05
440.06
440.07
440.08
440.09
440.1
440.11
440.12
440.13
440.14
440.15
440.16
440.17
440.18
440.19
440.2
440.21
440.22
440.23
440.24
440.25
440.26
440.27
440.28
440.29
440.3
440.31
440.32
440.33
440.34
440.35
440.36
440.37
440.38
440.39
440.4
440.41
440.42
440.43
440.44
440.45
440.46
440.47
440.48
440.49
440.5
440.51
440.52
440.53
440.54
440.55
440.56
440.57
440.58
440.59
440.6
440.61
440.62
440.63
440.64
440.65
440.66
440.67
440.68
440.69
440.7
440.71
440.72
440.73
440.74
440.75
440.76
440.77
440.78
440.79
440.8
440.81
440.82
440.83
440.84
440.85
440.86
440.87
440.88
440.89
440.9
440.91
440.92
440.93
440.94
440.95
440.96
440.97
440.98
440.99
441
441.01
441.02
441.03
441.04
441.05
441.06
441.07
441.08
441.09
441.1
441.11
441.12
441.13
441.14
441.15
441.16
441.17
441.18
441.19
441.2
441.21
441.22
441.23
441.24
441.25
441.26
441.27
441.28
441.29
441.3
441.31
441.32
441.33
441.34
441.35
441.36
441.37
441.38
441.39
441.4
441.41
441.42
441.43
441.44
441.45
441.46
441.47
441.48
441.49
441.5
441.51
441.52
441.53
441.54
441.55
441.56
441.57
441.58
441.59
441.6
441.61
441.62
441.63
441.64
441.65
441.66
441.67
441.68
441.69
441.7
441.71
441.72
441.73
441.74
441.75
441.76
441.77
441.78
441.79
441.8
441.81
441.82
441.83
441.84
441.85
441.86
441.87
441.88
441.89
441.9
441.91
441.92
441.93
441.94
441.95
441.96
441.97
441.98
441.99
442
442.01
442.02
442.03
442.04
442.05
442.06
442.07
442.08
442.09
442.1
442.11
442.12
442.13
442.14
442.15
442.16
442.17
442.18
442.19
442.2
442.21
442.22
442.23
442.24
442.25
442.26
442.27
442.28
442.29
442.3
442.31
442.32
442.33
442.34
442.35
442.36
442.37
442.38
442.39
442.4
442.41
442.42
442.43
442.44
442.45
442.46
442.47
442.48
442.49
442.5
442.51
442.52
442.53
442.54
442.55
442.56
442.57
442.58
442.59
442.6
442.61
442.62
442.63
442.64
442.65
442.66
442.67
442.68
442.69
442.7
442.71
442.72
442.73
442.74
442.75
442.76
442.77
442.78
442.79
442.8
442.81
442.82
442.83
442.84
442.85
442.86
442.87
442.88
442.89
442.9
442.91
442.92
442.93
442.94
442.95
442.96
442.97
442.98
442.99
443
443.01
443.02
443.03
443.04
443.05
443.06
443.07
443.08
443.09
443.1
443.11
443.12
443.13
443.14
443.15
443.16
443.17
443.18
443.19
443.2
443.21
443.22
443.23
443.24
443.25
443.26
443.27
443.28
443.29
443.3
443.31
443.32
443.33
443.34
443.35
443.36
443.37
443.38
443.39
443.4
443.41
443.42
443.43
443.44
443.45
443.46
443.47
443.48
443.49
443.5
443.51
443.52
443.53
443.54
443.55
443.56
443.57
443.58
443.59
443.6
443.61
443.62
443.63
443.64
443.65
443.66
443.67
443.68
443.69
443.7
443.71
443.72
443.73
443.74
443.75
443.76
443.77
443.78
443.79
443.8
443.81
443.82
443.83
443.84
443.85
443.86
443.87
443.88
443.89
443.9
443.91
443.92
443.93
443.94
443.95
443.96
443.97
443.98
443.99
444
444.01
444.02
444.03
444.04
444.05
444.06
444.07
444.08
444.09
444.1
444.11
444.12
444.13
444.14
444.15
444.16
444.17
444.18
444.19
444.2
444.21
444.22
444.23
444.24
444.25
444.26
444.27
444.28
444.29
444.3
444.31
444.32
444.33
444.34
444.35
444.36
444.37
444.38
444.39
444.4
444.41
444.42
444.43
444.44
444.45
444.46
444.47
444.48
444.49
444.5
444.51
444.52
444.53
444.54
444.55
444.56
444.57
444.58
444.59
444.6
444.61
444.62
444.63
444.64
444.65
444.66
444.67
444.68
444.69
444.7
444.71
444.72
444.73
444.74
444.75
444.76
444.77
444.78
444.79
444.8
444.81
444.82
444.83
444.84
444.85
444.86
444.87
444.88
444.89
444.9
444.91
444.92
444.93
444.94
444.95
444.96
444.97
444.98
444.99
445
445.01
445.02
445.03
445.04
445.05
445.06
445.07
445.08
445.09
445.1
445.11
445.12
445.13
445.14
445.15
445.16
445.17
445.18
445.19
445.2
445.21
445.22
445.23
445.24
445.25
445.26
445.27
445.28
445.29
445.3
445.31
445.32
445.33
445.34
445.35
445.36
445.37
445.38
445.39
445.4
445.41
445.42
445.43
445.44
445.45
445.46
445.47
445.48
445.49
445.5
445.51
445.52
445.53
445.54
445.55
445.56
445.57
445.58
445.59
445.6
445.61
445.62
445.63
445.64
445.65
445.66
445.67
445.68
445.69
445.7
445.71
445.72
445.73
445.74
445.75
445.76
445.77
445.78
445.79
445.8
445.81
445.82
445.83
445.84
445.85
445.86
445.87
445.88
445.89
445.9
445.91
445.92
445.93
445.94
445.95
445.96
445.97
445.98
445.99
446
446.01
446.02
446.03
446.04
446.05
446.06
446.07
446.08
446.09
446.1
446.11
446.12
446.13
446.14
446.15
446.16
446.17
446.18
446.19
446.2
446.21
446.22
446.23
446.24
446.25
446.26
446.27
446.28
446.29
446.3
446.31
446.32
446.33
446.34
446.35
446.36
446.37
446.38
446.39
446.4
446.41
446.42
446.43
446.44
446.45
446.46
446.47
446.48
446.49
446.5
446.51
446.52
446.53
446.54
446.55
446.56
446.57
446.58
446.59
446.6
446.61
446.62
446.63
446.64
446.65
446.66
446.67
446.68
446.69
446.7
446.71
446.72
446.73
446.74
446.75
446.76
446.77
446.78
446.79
446.8
446.81
446.82
446.83
446.84
446.85
446.86
446.87
446.88
446.89
446.9
446.91
446.92
446.93
446.94
446.95
446.96
446.97
446.98
446.99
447
447.01
447.02
447.03
447.04
447.05
447.06
447.07
447.08
447.09
447.1
447.11
447.12
447.13
447.14
447.15
447.16
447.17
447.18
447.19
447.2
447.21
447.22
447.23
447.24
447.25
447.26
447.27
447.28
447.29
447.3
447.31
447.32
447.33
447.34
447.35
447.36
447.37
447.38
447.39
447.4
447.41
447.42
447.43
447.44
447.45
447.46
447.47
447.48
447.49
447.5
447.51
447.52
447.53
447.54
447.55
447.56
447.57
447.58
447.59
447.6
447.61
447.62
447.63
447.64
447.65
447.66
447.67
447.68
447.69
447.7
447.71
447.72
447.73
447.74
447.75
447.76
447.77
447.78
447.79
447.8
447.81
447.82
447.83
447.84
447.85
447.86
447.87
447.88
447.89
447.9
447.91
447.92
447.93
447.94
447.95
447.96
447.97
447.98
447.99
448
448.01
448.02
448.03
448.04
448.05
448.06
448.07
448.08
448.09
448.1
448.11
448.12
448.13
448.14
448.15
448.16
448.17
448.18
448.19
448.2
448.21
448.22
448.23
448.24
448.25
448.26
448.27
448.28
448.29
448.3
448.31
448.32
448.33
448.34
448.35
448.36
448.37
448.38
448.39
448.4
448.41
448.42
448.43
448.44
448.45
448.46
448.47
448.48
448.49
448.5
448.51
448.52
448.53
448.54
448.55
448.56
448.57
448.58
448.59
448.6
448.61
448.62
448.63
448.64
448.65
448.66
448.67
448.68
448.69
448.7
448.71
448.72
448.73
448.74
448.75
448.76
448.77
448.78
448.79
448.8
448.81
448.82
448.83
448.84
448.85
448.86
448.87
448.88
448.89
448.9
448.91
448.92
448.93
448.94
448.95
448.96
448.97
448.98
448.99
449
449.01
449.02
449.03
449.04
449.05
449.06
449.07
449.08
449.09
449.1
449.11
449.12
449.13
449.14
449.15
449.16
449.17
449.18
449.19
449.2
449.21
449.22
449.23
449.24
449.25
449.26
449.27
449.28
449.29
449.3
449.31
449.32
449.33
449.34
449.35
449.36
449.37
449.38
449.39
449.4
449.41
449.42
449.43
449.44
449.45
449.46
449.47
449.48
449.49
449.5
449.51
449.52
449.53
449.54
449.55
449.56
449.57
449.58
449.59
449.6
449.61
449.62
449.63
449.64
449.65
449.66
449.67
449.68
449.69
449.7
449.71
449.72
449.73
449.74
449.75
449.76
449.77
449.78
449.79
449.8
449.81
449.82
449.83
449.84
449.85
449.86
449.87
449.88
449.89
449.9
449.91
449.92
449.93
449.94
449.95
449.96
449.97
449.98
449.99
450
450.01
450.02
450.03
450.04
450.05
450.06
450.07
450.08
450.09
450.1
450.11
450.12
450.13
450.14
450.15
450.16
450.17
450.18
450.19
450.2
450.21
450.22
450.23
450.24
450.25
450.26
450.27
450.28
450.29
450.3
450.31
450.32
450.33
450.34
450.35
450.36
450.37
450.38
450.39
450.4
450.41
450.42
450.43
450.44
450.45
450.46
450.47
450.48
450.49
450.5
450.51
450.52
450.53
450.54
450.55
450.56
450.57
450.58
450.59
450.6
450.61
450.62
450.63
450.64
450.65
450.66
450.67
450.68
450.69
450.7
450.71
450.72
450.73
450.74
450.75
450.76
450.77
450.78
450.79
450.8
450.81
450.82
450.83
450.84
450.85
450.86
450.87
450.88
450.89
450.9
450.91
450.92
450.93
450.94
450.95
450.96
450.97
450.98
450.99
451
451.01
451.02
451.03
451.04
451.05
451.06
451.07
451.08
451.09
451.1
451.11
451.12
451.13
451.14
451.15
451.16
451.17
451.18
451.19
451.2
451.21
451.22
451.23
451.24
451.25
451.26
451.27
451.28
451.29
451.3
451.31
451.32
451.33
451.34
451.35
451.36
451.37
451.38
451.39
451.4
451.41
451.42
451.43
451.44
451.45
451.46
451.47
451.48
451.49
451.5
451.51
451.52
451.53
451.54
451.55
451.56
451.57
451.58
451.59
451.6
451.61
451.62
451.63
451.64
451.65
451.66
451.67
451.68
451.69
451.7
451.71
451.72
451.73
451.74
451.75
451.76
451.77
451.78
451.79
451.8
451.81
451.82
451.83
451.84
451.85
451.86
451.87
451.88
451.89
451.9
451.91
451.92
451.93
451.94
451.95
451.96
451.97
451.98
451.99
452
452.01
452.02
452.03
452.04
452.05
452.06
452.07
452.08
452.09
452.1
452.11
452.12
452.13
452.14
452.15
452.16
452.17
452.18
452.19
452.2
452.21
452.22
452.23
452.24
452.25
452.26
452.27
452.28
452.29
452.3
452.31
452.32
452.33
452.34
452.35
452.36
452.37
452.38
452.39
452.4
452.41
452.42
452.43
452.44
452.45
452.46
452.47
452.48
452.49
452.5
452.51
452.52
452.53
452.54
452.55
452.56
452.57
452.58
452.59
452.6
452.61
452.62
452.63
452.64
452.65
452.66
452.67
452.68
452.69
452.7
452.71
452.72
452.73
452.74
452.75
452.76
452.77
452.78
452.79
452.8
452.81
452.82
452.83
452.84
452.85
452.86
452.87
452.88
452.89
452.9
452.91
452.92
452.93
452.94
452.95
452.96
452.97
452.98
452.99
453
453.01
453.02
453.03
453.04
453.05
453.06
453.07
453.08
453.09
453.1
453.11
453.12
453.13
453.14
453.15
453.16
453.17
453.18
453.19
453.2
453.21
453.22
453.23
453.24
453.25
453.26
453.27
453.28
453.29
453.3
453.31
453.32
453.33
453.34
453.35
453.36
453.37
453.38
453.39
453.4
453.41
453.42
453.43
453.44
453.45
453.46
453.47
453.48
453.49
453.5
453.51
453.52
453.53
453.54
453.55
453.56
453.57
453.58
453.59
453.6
453.61
453.62
453.63
453.64
453.65
453.66
453.67
453.68
453.69
453.7
453.71
453.72
453.73
453.74
453.75
453.76
453.77
453.78
453.79
453.8
453.81
453.82
453.83
453.84
453.85
453.86
453.87
453.88
453.89
453.9
453.91
453.92
453.93
453.94
453.95
453.96
453.97
453.98
453.99
454
454.01
454.02
454.03
454.04
454.05
454.06
454.07
454.08
454.09
454.1
454.11
454.12
454.13
454.14
454.15
454.16
454.17
454.18
454.19
454.2
454.21
454.22
454.23
454.24
454.25
454.26
454.27
454.28
454.29
454.3
454.31
454.32
454.33
454.34
454.35
454.36
454.37
454.38
454.39
454.4
454.41
454.42
454.43
454.44
454.45
454.46
454.47
454.48
454.49
454.5
454.51
454.52
454.53
454.54
454.55
454.56
454.57
454.58
454.59
454.6
454.61
454.62
454.63
454.64
454.65
454.66
454.67
454.68
454.69
454.7
454.71
454.72
454.73
454.74
454.75
454.76
454.77
454.78
454.79
454.8
454.81
454.82
454.83
454.84
454.85
454.86
454.87
454.88
454.89
454.9
454.91
454.92
454.93
454.94
454.95
454.96
454.97
454.98
454.99
455
455.01
455.02
455.03
455.04
455.05
455.06
455.07
455.08
455.09
455.1
455.11
455.12
455.13
455.14
455.15
455.16
455.17
455.18
455.19
455.2
455.21
455.22
455.23
455.24
455.25
455.26
455.27
455.28
455.29
455.3
455.31
455.32
455.33
455.34
455.35
455.36
455.37
455.38
455.39
455.4
455.41
455.42
455.43
455.44
455.45
455.46
455.47
455.48
455.49
455.5
455.51
455.52
455.53
455.54
455.55
455.56
455.57
455.58
455.59
455.6
455.61
455.62
455.63
455.64
455.65
455.66
455.67
455.68
455.69
455.7
455.71
455.72
455.73
455.74
455.75
455.76
455.77
455.78
455.79
455.8
455.81
455.82
455.83
455.84
455.85
455.86
455.87
455.88
455.89
455.9
455.91
455.92
455.93
455.94
455.95
455.96
455.97
455.98
455.99
456
456.01
456.02
456.03
456.04
456.05
456.06
456.07
456.08
456.09
456.1
456.11
456.12
456.13
456.14
456.15
456.16
456.17
456.18
456.19
456.2
456.21
456.22
456.23
456.24
456.25
456.26
456.27
456.28
456.29
456.3
456.31
456.32
456.33
456.34
456.35
456.36
456.37
456.38
456.39
456.4
456.41
456.42
456.43
456.44
456.45
456.46
456.47
456.48
456.49
456.5
456.51
456.52
456.53
456.54
456.55
456.56
456.57
456.58
456.59
456.6
456.61
456.62
456.63
456.64
456.65
456.66
456.67
456.68
456.69
456.7
456.71
456.72
456.73
456.74
456.75
456.76
456.77
456.78
456.79
456.8
456.81
456.82
456.83
456.84
456.85
456.86
456.87
456.88
456.89
456.9
456.91
456.92
456.93
456.94
456.95
456.96
456.97
456.98
456.99
457
457.01
457.02
457.03
457.04
457.05
457.06
457.07
457.08
457.09
457.1
457.11
457.12
457.13
457.14
457.15
457.16
457.17
457.18
457.19
457.2
457.21
457.22
457.23
457.24
457.25
457.26
457.27
457.28
457.29
457.3
457.31
457.32
457.33
457.34
457.35
457.36
457.37
457.38
457.39
457.4
457.41
457.42
457.43
457.44
457.45
457.46
457.47
457.48
457.49
457.5
457.51
457.52
457.53
457.54
457.55
457.56
457.57
457.58
457.59
457.6
457.61
457.62
457.63
457.64
457.65
457.66
457.67
457.68
457.69
457.7
457.71
457.72
457.73
457.74
457.75
457.76
457.77
457.78
457.79
457.8
457.81
457.82
457.83
457.84
457.85
457.86
457.87
457.88
457.89
457.9
457.91
457.92
457.93
457.94
457.95
457.96
457.97
457.98
457.99
458
458.01
458.02
458.03
458.04
458.05
458.06
458.07
458.08
458.09
458.1
458.11
458.12
458.13
458.14
458.15
458.16
458.17
458.18
458.19
458.2
458.21
458.22
458.23
458.24
458.25
458.26
458.27
458.28
458.29
458.3
458.31
458.32
458.33
458.34
458.35
458.36
458.37
458.38
458.39
458.4
458.41
458.42
458.43
458.44
458.45
458.46
458.47
458.48
458.49
458.5
458.51
458.52
458.53
458.54
458.55
458.56
458.57
458.58
458.59
458.6
458.61
458.62
458.63
458.64
458.65
458.66
458.67
458.68
458.69
458.7
458.71
458.72
458.73
458.74
458.75
458.76
458.77
458.78
458.79
458.8
458.81
458.82
458.83
458.84
458.85
458.86
458.87
458.88
458.89
458.9
458.91
458.92
458.93
458.94
458.95
458.96
458.97
458.98
458.99
459
459.01
459.02
459.03
459.04
459.05
459.06
459.07
459.08
459.09
459.1
459.11
459.12
459.13
459.14
459.15
459.16
459.17
459.18
459.19
459.2
459.21
459.22
459.23
459.24
459.25
459.26
459.27
459.28
459.29
459.3
459.31
459.32
459.33
459.34
459.35
459.36
459.37
459.38
459.39
459.4
459.41
459.42
459.43
459.44
459.45
459.46
459.47
459.48
459.49
459.5
459.51
459.52
459.53
459.54
459.55
459.56
459.57
459.58
459.59
459.6
459.61
459.62
459.63
459.64
459.65
459.66
459.67
459.68
459.69
459.7
459.71
459.72
459.73
459.74
459.75
459.76
459.77
459.78
459.79
459.8
459.81
459.82
459.83
459.84
459.85
459.86
459.87
459.88
459.89
459.9
459.91
459.92
459.93
459.94
459.95
459.96
459.97
459.98
459.99
460
460.01
460.02
460.03
460.04
460.05
460.06
460.07
460.08
460.09
460.1
460.11
460.12
460.13
460.14
460.15
460.16
460.17
460.18
460.19
460.2
460.21
460.22
460.23
460.24
460.25
460.26
460.27
460.28
460.29
460.3
460.31
460.32
460.33
460.34
460.35
460.36
460.37
460.38
460.39
460.4
460.41
460.42
460.43
460.44
460.45
460.46
460.47
460.48
460.49
460.5
460.51
460.52
460.53
460.54
460.55
460.56
460.57
460.58
460.59
460.6
460.61
460.62
460.63
460.64
460.65
460.66
460.67
460.68
460.69
460.7
460.71
460.72
460.73
460.74
460.75
460.76
460.77
460.78
460.79
460.8
460.81
460.82
460.83
460.84
460.85
460.86
460.87
460.88
460.89
460.9
460.91
460.92
460.93
460.94
460.95
460.96
460.97
460.98
460.99
461
461.01
461.02
461.03
461.04
461.05
461.06
461.07
461.08
461.09
461.1
461.11
461.12
461.13
461.14
461.15
461.16
461.17
461.18
461.19
461.2
461.21
461.22
461.23
461.24
461.25
461.26
461.27
461.28
461.29
461.3
461.31
461.32
461.33
461.34
461.35
461.36
461.37
461.38
461.39
461.4
461.41
461.42
461.43
461.44
461.45
461.46
461.47
461.48
461.49
461.5
461.51
461.52
461.53
461.54
461.55
461.56
461.57
461.58
461.59
461.6
461.61
461.62
461.63
461.64
461.65
461.66
461.67
461.68
461.69
461.7
461.71
461.72
461.73
461.74
461.75
461.76
461.77
461.78
461.79
461.8
461.81
461.82
461.83
461.84
461.85
461.86
461.87
461.88
461.89
461.9
461.91
461.92
461.93
461.94
461.95
461.96
461.97
461.98
461.99
462
462.01
462.02
462.03
462.04
462.05
462.06
462.07
462.08
462.09
462.1
462.11
462.12
462.13
462.14
462.15
462.16
462.17
462.18
462.19
462.2
462.21
462.22
462.23
462.24
462.25
462.26
462.27
462.28
462.29
462.3
462.31
462.32
462.33
462.34
462.35
462.36
462.37
462.38
462.39
462.4
462.41
462.42
462.43
462.44
462.45
462.46
462.47
462.48
462.49
462.5
462.51
462.52
462.53
462.54
462.55
462.56
462.57
462.58
462.59
462.6
462.61
462.62
462.63
462.64
462.65
462.66
462.67
462.68
462.69
462.7
462.71
462.72
462.73
462.74
462.75
462.76
462.77
462.78
462.79
462.8
462.81
462.82
462.83
462.84
462.85
462.86
462.87
462.88
462.89
462.9
462.91
462.92
462.93
462.94
462.95
462.96
462.97
462.98
462.99
463
463.01
463.02
463.03
463.04
463.05
463.06
463.07
463.08
463.09
463.1
463.11
463.12
463.13
463.14
463.15
463.16
463.17
463.18
463.19
463.2
463.21
463.22
463.23
463.24
463.25
463.26
463.27
463.28
463.29
463.3
463.31
463.32
463.33
463.34
463.35
463.36
463.37
463.38
463.39
463.4
463.41
463.42
463.43
463.44
463.45
463.46
463.47
463.48
463.49
463.5
463.51
463.52
463.53
463.54
463.55
463.56
463.57
463.58
463.59
463.6
463.61
463.62
463.63
463.64
463.65
463.66
463.67
463.68
463.69
463.7
463.71
463.72
463.73
463.74
463.75
463.76
463.77
463.78
463.79
463.8
463.81
463.82
463.83
463.84
463.85
463.86
463.87
463.88
463.89
463.9
463.91
463.92
463.93
463.94
463.95
463.96
463.97
463.98
463.99
464
464.01
464.02
464.03
464.04
464.05
464.06
464.07
464.08
464.09
464.1
464.11
464.12
464.13
464.14
464.15
464.16
464.17
464.18
464.19
464.2
464.21
464.22
464.23
464.24
464.25
464.26
464.27
464.28
464.29
464.3
464.31
464.32
464.33
464.34
464.35
464.36
464.37
464.38
464.39
464.4
464.41
464.42
464.43
464.44
464.45
464.46
464.47
464.48
464.49
464.5
464.51
464.52
464.53
464.54
464.55
464.56
464.57
464.58
464.59
464.6
464.61
464.62
464.63
464.64
464.65
464.66
464.67
464.68
464.69
464.7
464.71
464.72
464.73
464.74
464.75
464.76
464.77
464.78
464.79
464.8
464.81
464.82
464.83
464.84
464.85
464.86
464.87
464.88
464.89
464.9
464.91
464.92
464.93
464.94
464.95
464.96
464.97
464.98
464.99
465
465.01
465.02
465.03
465.04
465.05
465.06
465.07
465.08
465.09
465.1
465.11
465.12
465.13
465.14
465.15
465.16
465.17
465.18
465.19
465.2
465.21
465.22
465.23
465.24
465.25
465.26
465.27
465.28
465.29
465.3
465.31
465.32
465.33
465.34
465.35
465.36
465.37
465.38
465.39
465.4
465.41
465.42
465.43
465.44
465.45
465.46
465.47
465.48
465.49
465.5
465.51
465.52
465.53
465.54
465.55
465.56
465.57
465.58
465.59
465.6
465.61
465.62
465.63
465.64
465.65
465.66
465.67
465.68
465.69
465.7
465.71
465.72
465.73
465.74
465.75
465.76
465.77
465.78
465.79
465.8
465.81
465.82
465.83
465.84
465.85
465.86
465.87
465.88
465.89
465.9
465.91
465.92
465.93
465.94
465.95
465.96
465.97
465.98
465.99
466
466.01
466.02
466.03
466.04
466.05
466.06
466.07
466.08
466.09
466.1
466.11
466.12
466.13
466.14
466.15
466.16
466.17
466.18
466.19
466.2
466.21
466.22
466.23
466.24
466.25
466.26
466.27
466.28
466.29
466.3
466.31
466.32
466.33
466.34
466.35
466.36
466.37
466.38
466.39
466.4
466.41
466.42
466.43
466.44
466.45
466.46
466.47
466.48
466.49
466.5
466.51
466.52
466.53
466.54
466.55
466.56
466.57
466.58
466.59
466.6
466.61
466.62
466.63
466.64
466.65
466.66
466.67
466.68
466.69
466.7
466.71
466.72
466.73
466.74
466.75
466.76
466.77
466.78
466.79
466.8
466.81
466.82
466.83
466.84
466.85
466.86
466.87
466.88
466.89
466.9
466.91
466.92
466.93
466.94
466.95
466.96
466.97
466.98
466.99
467
467.01
467.02
467.03
467.04
467.05
467.06
467.07
467.08
467.09
467.1
467.11
467.12
467.13
467.14
467.15
467.16
467.17
467.18
467.19
467.2
467.21
467.22
467.23
467.24
467.25
467.26
467.27
467.28
467.29
467.3
467.31
467.32
467.33
467.34
467.35
467.36
467.37
467.38
467.39
467.4
467.41
467.42
467.43
467.44
467.45
467.46
467.47
467.48
467.49
467.5
467.51
467.52
467.53
467.54
467.55
467.56
467.57
467.58
467.59
467.6
467.61
467.62
467.63
467.64
467.65
467.66
467.67
467.68
467.69
467.7
467.71
467.72
467.73
467.74
467.75
467.76
467.77
467.78
467.79
467.8
467.81
467.82
467.83
467.84
467.85
467.86
467.87
467.88
467.89
467.9
467.91
467.92
467.93
467.94
467.95
467.96
467.97
467.98
467.99
468
468.01
468.02
468.03
468.04
468.05
468.06
468.07
468.08
468.09
468.1
468.11
468.12
468.13
468.14
468.15
468.16
468.17
468.18
468.19
468.2
468.21
468.22
468.23
468.24
468.25
468.26
468.27
468.28
468.29
468.3
468.31
468.32
468.33
468.34
468.35
468.36
468.37
468.38
468.39
468.4
468.41
468.42
468.43
468.44
468.45
468.46
468.47
468.48
468.49
468.5
468.51
468.52
468.53
468.54
468.55
468.56
468.57
468.58
468.59
468.6
468.61
468.62
468.63
468.64
468.65
468.66
468.67
468.68
468.69
468.7
468.71
468.72
468.73
468.74
468.75
468.76
468.77
468.78
468.79
468.8
468.81
468.82
468.83
468.84
468.85
468.86
468.87
468.88
468.89
468.9
468.91
468.92
468.93
468.94
468.95
468.96
468.97
468.98
468.99
469
469.01
469.02
469.03
469.04
469.05
469.06
469.07
469.08
469.09
469.1
469.11
469.12
469.13
469.14
469.15
469.16
469.17
469.18
469.19
469.2
469.21
469.22
469.23
469.24
469.25
469.26
469.27
469.28
469.29
469.3
469.31
469.32
469.33
469.34
469.35
469.36
469.37
469.38
469.39
469.4
469.41
469.42
469.43
469.44
469.45
469.46
469.47
469.48
469.49
469.5
469.51
469.52
469.53
469.54
469.55
469.56
469.57
469.58
469.59
469.6
469.61
469.62
469.63
469.64
469.65
469.66
469.67
469.68
469.69
469.7
469.71
469.72
469.73
469.74
469.75
469.76
469.77
469.78
469.79
469.8
469.81
469.82
469.83
469.84
469.85
469.86
469.87
469.88
469.89
469.9
469.91
469.92
469.93
469.94
469.95
469.96
469.97
469.98
469.99
470
470.01
470.02
470.03
470.04
470.05
470.06
470.07
470.08
470.09
470.1
470.11
470.12
470.13
470.14
470.15
470.16
470.17
470.18
470.19
470.2
470.21
470.22
470.23
470.24
470.25
470.26
470.27
470.28
470.29
470.3
470.31
470.32
470.33
470.34
470.35
470.36
470.37
470.38
470.39
470.4
470.41
470.42
470.43
470.44
470.45
470.46
470.47
470.48
470.49
470.5
470.51
470.52
470.53
470.54
470.55
470.56
470.57
470.58
470.59
470.6
470.61
470.62
470.63
470.64
470.65
470.66
470.67
470.68
470.69
470.7
470.71
470.72
470.73
470.74
470.75
470.76
470.77
470.78
470.79
470.8
470.81
470.82
470.83
470.84
470.85
470.86
470.87
470.88
470.89
470.9
470.91
470.92
470.93
470.94
470.95
470.96
470.97
470.98
470.99
471
471.01
471.02
471.03
471.04
471.05
471.06
471.07
471.08
471.09
471.1
471.11
471.12
471.13
471.14
471.15
471.16
471.17
471.18
471.19
471.2
471.21
471.22
471.23
471.24
471.25
471.26
471.27
471.28
471.29
471.3
471.31
471.32
471.33
471.34
471.35
471.36
471.37
471.38
471.39
471.4
471.41
471.42
471.43
471.44
471.45
471.46
471.47
471.48
471.49
471.5
471.51
471.52
471.53
471.54
471.55
471.56
471.57
471.58
471.59
471.6
471.61
471.62
471.63
471.64
471.65
471.66
471.67
471.68
471.69
471.7
471.71
471.72
471.73
471.74
471.75
471.76
471.77
471.78
471.79
471.8
471.81
471.82
471.83
471.84
471.85
471.86
471.87
471.88
471.89
471.9
471.91
471.92
471.93
471.94
471.95
471.96
471.97
471.98
471.99
472
472.01
472.02
472.03
472.04
472.05
472.06
472.07
472.08
472.09
472.1
472.11
472.12
472.13
472.14
472.15
472.16
472.17
472.18
472.19
472.2
472.21
472.22
472.23
472.24
472.25
472.26
472.27
472.28
472.29
472.3
472.31
472.32
472.33
472.34
472.35
472.36
472.37
472.38
472.39
472.4
472.41
472.42
472.43
472.44
472.45
472.46
472.47
472.48
472.49
472.5
472.51
472.52
472.53
472.54
472.55
472.56
472.57
472.58
472.59
472.6
472.61
472.62
472.63
472.64
472.65
472.66
472.67
472.68
472.69
472.7
472.71
472.72
472.73
472.74
472.75
472.76
472.77
472.78
472.79
472.8
472.81
472.82
472.83
472.84
472.85
472.86
472.87
472.88
472.89
472.9
472.91
472.92
472.93
472.94
472.95
472.96
472.97
472.98
472.99
473
473.01
473.02
473.03
473.04
473.05
473.06
473.07
473.08
473.09
473.1
473.11
473.12
473.13
473.14
473.15
473.16
473.17
473.18
473.19
473.2
473.21
473.22
473.23
473.24
473.25
473.26
473.27
473.28
473.29
473.3
473.31
473.32
473.33
473.34
473.35
473.36
473.37
473.38
473.39
473.4
473.41
473.42
473.43
473.44
473.45
473.46
473.47
473.48
473.49
473.5
473.51
473.52
473.53
473.54
473.55
473.56
473.57
473.58
473.59
473.6
473.61
473.62
473.63
473.64
473.65
473.66
473.67
473.68
473.69
473.7
473.71
473.72
473.73
473.74
473.75
473.76
473.77
473.78
473.79
473.8
473.81
473.82
473.83
473.84
473.85
473.86
473.87
473.88
473.89
473.9
473.91
473.92
473.93
473.94
473.95
473.96
473.97
473.98
473.99
474
474.01
474.02
474.03
474.04
474.05
474.06
474.07
474.08
474.09
474.1
474.11
474.12
474.13
474.14
474.15
474.16
474.17
474.18
474.19
474.2
474.21
474.22
474.23
474.24
474.25
474.26
474.27
474.28
474.29
474.3
474.31
474.32
474.33
474.34
474.35
474.36
474.37
474.38
474.39
474.4
474.41
474.42
474.43
474.44
474.45
474.46
474.47
474.48
474.49
474.5
474.51
474.52
474.53
474.54
474.55
474.56
474.57
474.58
474.59
474.6
474.61
474.62
474.63
474.64
474.65
474.66
474.67
474.68
474.69
474.7
474.71
474.72
474.73
474.74
474.75
474.76
474.77
474.78
474.79
474.8
474.81
474.82
474.83
474.84
474.85
474.86
474.87
474.88
474.89
474.9
474.91
474.92
474.93
474.94
474.95
474.96
474.97
474.98
474.99
475
475.01
475.02
475.03
475.04
475.05
475.06
475.07
475.08
475.09
475.1
475.11
475.12
475.13
475.14
475.15
475.16
475.17
475.18
475.19
475.2
475.21
475.22
475.23
475.24
475.25
475.26
475.27
475.28
475.29
475.3
475.31
475.32
475.33
475.34
475.35
475.36
475.37
475.38
475.39
475.4
475.41
475.42
475.43
475.44
475.45
475.46
475.47
475.48
475.49
475.5
475.51
475.52
475.53
475.54
475.55
475.56
475.57
475.58
475.59
475.6
475.61
475.62
475.63
475.64
475.65
475.66
475.67
475.68
475.69
475.7
475.71
475.72
475.73
475.74
475.75
475.76
475.77
475.78
475.79
475.8
475.81
475.82
475.83
475.84
475.85
475.86
475.87
475.88
475.89
475.9
475.91
475.92
475.93
475.94
475.95
475.96
475.97
475.98
475.99
476
476.01
476.02
476.03
476.04
476.05
476.06
476.07
476.08
476.09
476.1
476.11
476.12
476.13
476.14
476.15
476.16
476.17
476.18
476.19
476.2
476.21
476.22
476.23
476.24
476.25
476.26
476.27
476.28
476.29
476.3
476.31
476.32
476.33
476.34
476.35
476.36
476.37
476.38
476.39
476.4
476.41
476.42
476.43
476.44
476.45
476.46
476.47
476.48
476.49
476.5
476.51
476.52
476.53
476.54
476.55
476.56
476.57
476.58
476.59
476.6
476.61
476.62
476.63
476.64
476.65
476.66
476.67
476.68
476.69
476.7
476.71
476.72
476.73
476.74
476.75
476.76
476.77
476.78
476.79
476.8
476.81
476.82
476.83
476.84
476.85
476.86
476.87
476.88
476.89
476.9
476.91
476.92
476.93
476.94
476.95
476.96
476.97
476.98
476.99
477
477.01
477.02
477.03
477.04
477.05
477.06
477.07
477.08
477.09
477.1
477.11
477.12
477.13
477.14
477.15
477.16
477.17
477.18
477.19
477.2
477.21
477.22
477.23
477.24
477.25
477.26
477.27
477.28
477.29
477.3
477.31
477.32
477.33
477.34
477.35
477.36
477.37
477.38
477.39
477.4
477.41
477.42
477.43
477.44
477.45
477.46
477.47
477.48
477.49
477.5
477.51
477.52
477.53
477.54
477.55
477.56
477.57
477.58
477.59
477.6
477.61
477.62
477.63
477.64
477.65
477.66
477.67
477.68
477.69
477.7
477.71
477.72
477.73
477.74
477.75
477.76
477.77
477.78
477.79
477.8
477.81
477.82
477.83
477.84
477.85
477.86
477.87
477.88
477.89
477.9
477.91
477.92
477.93
477.94
477.95
477.96
477.97
477.98
477.99
478
478.01
478.02
478.03
478.04
478.05
478.06
478.07
478.08
478.09
478.1
478.11
478.12
478.13
478.14
478.15
478.16
478.17
478.18
478.19
478.2
478.21
478.22
478.23
478.24
478.25
478.26
478.27
478.28
478.29
478.3
478.31
478.32
478.33
478.34
478.35
478.36
478.37
478.38
478.39
478.4
478.41
478.42
478.43
478.44
478.45
478.46
478.47
478.48
478.49
478.5
478.51
478.52
478.53
478.54
478.55
478.56
478.57
478.58
478.59
478.6
478.61
478.62
478.63
478.64
478.65
478.66
478.67
478.68
478.69
478.7
478.71
478.72
478.73
478.74
478.75
478.76
478.77
478.78
478.79
478.8
478.81
478.82
478.83
478.84
478.85
478.86
478.87
478.88
478.89
478.9
478.91
478.92
478.93
478.94
478.95
478.96
478.97
478.98
478.99
479
479.01
479.02
479.03
479.04
479.05
479.06
479.07
479.08
479.09
479.1
479.11
479.12
479.13
479.14
479.15
479.16
479.17
479.18
479.19
479.2
479.21
479.22
479.23
479.24
479.25
479.26
479.27
479.28
479.29
479.3
479.31
479.32
479.33
479.34
479.35
479.36
479.37
479.38
479.39
479.4
479.41
479.42
479.43
479.44
479.45
479.46
479.47
479.48
479.49
479.5
479.51
479.52
479.53
479.54
479.55
479.56
479.57
479.58
479.59
479.6
479.61
479.62
479.63
479.64
479.65
479.66
479.67
479.68
479.69
479.7
479.71
479.72
479.73
479.74
479.75
479.76
479.77
479.78
479.79
479.8
479.81
479.82
479.83
479.84
479.85
479.86
479.87
479.88
479.89
479.9
479.91
479.92
479.93
479.94
479.95
479.96
479.97
479.98
479.99
480
480.01
480.02
480.03
480.04
480.05
480.06
480.07
480.08
480.09
480.1
480.11
480.12
480.13
480.14
480.15
480.16
480.17
480.18
480.19
480.2
480.21
480.22
480.23
480.24
480.25
480.26
480.27
480.28
480.29
480.3
480.31
480.32
480.33
480.34
480.35
480.36
480.37
480.38
480.39
480.4
480.41
480.42
480.43
480.44
480.45
480.46
480.47
480.48
480.49
480.5
480.51
480.52
480.53
480.54
480.55
480.56
480.57
480.58
480.59
480.6
480.61
480.62
480.63
480.64
480.65
480.66
480.67
480.68
480.69
480.7
480.71
480.72
480.73
480.74
480.75
480.76
480.77
480.78
480.79
480.8
480.81
480.82
480.83
480.84
480.85
480.86
480.87
480.88
480.89
480.9
480.91
480.92
480.93
480.94
480.95
480.96
480.97
480.98
480.99
481
481.01
481.02
481.03
481.04
481.05
481.06
481.07
481.08
481.09
481.1
481.11
481.12
481.13
481.14
481.15
481.16
481.17
481.18
481.19
481.2
481.21
481.22
481.23
481.24
481.25
481.26
481.27
481.28
481.29
481.3
481.31
481.32
481.33
481.34
481.35
481.36
481.37
481.38
481.39
481.4
481.41
481.42
481.43
481.44
481.45
481.46
481.47
481.48
481.49
481.5
481.51
481.52
481.53
481.54
481.55
481.56
481.57
481.58
481.59
481.6
481.61
481.62
481.63
481.64
481.65
481.66
481.67
481.68
481.69
481.7
481.71
481.72
481.73
481.74
481.75
481.76
481.77
481.78
481.79
481.8
481.81
481.82
481.83
481.84
481.85
481.86
481.87
481.88
481.89
481.9
481.91
481.92
481.93
481.94
481.95
481.96
481.97
481.98
481.99
482
482.01
482.02
482.03
482.04
482.05
482.06
482.07
482.08
482.09
482.1
482.11
482.12
482.13
482.14
482.15
482.16
482.17
482.18
482.19
482.2
482.21
482.22
482.23
482.24
482.25
482.26
482.27
482.28
482.29
482.3
482.31
482.32
482.33
482.34
482.35
482.36
482.37
482.38
482.39
482.4
482.41
482.42
482.43
482.44
482.45
482.46
482.47
482.48
482.49
482.5
482.51
482.52
482.53
482.54
482.55
482.56
482.57
482.58
482.59
482.6
482.61
482.62
482.63
482.64
482.65
482.66
482.67
482.68
482.69
482.7
482.71
482.72
482.73
482.74
482.75
482.76
482.77
482.78
482.79
482.8
482.81
482.82
482.83
482.84
482.85
482.86
482.87
482.88
482.89
482.9
482.91
482.92
482.93
482.94
482.95
482.96
482.97
482.98
482.99
483
483.01
483.02
483.03
483.04
483.05
483.06
483.07
483.08
483.09
483.1
483.11
483.12
483.13
483.14
483.15
483.16
483.17
483.18
483.19
483.2
483.21
483.22
483.23
483.24
483.25
483.26
483.27
483.28
483.29
483.3
483.31
483.32
483.33
483.34
483.35
483.36
483.37
483.38
483.39
483.4
483.41
483.42
483.43
483.44
483.45
483.46
483.47
483.48
483.49
483.5
483.51
483.52
483.53
483.54
483.55
483.56
483.57
483.58
483.59
483.6
483.61
483.62
483.63
483.64
483.65
483.66
483.67
483.68
483.69
483.7
483.71
483.72
483.73
483.74
483.75
483.76
483.77
483.78
483.79
483.8
483.81
483.82
483.83
483.84
483.85
483.86
483.87
483.88
483.89
483.9
483.91
483.92
483.93
483.94
483.95
483.96
483.97
483.98
483.99
484
484.01
484.02
484.03
484.04
484.05
484.06
484.07
484.08
484.09
484.1
484.11
484.12
484.13
484.14
484.15
484.16
484.17
484.18
484.19
484.2
484.21
484.22
484.23
484.24
484.25
484.26
484.27
484.28
484.29
484.3
484.31
484.32
484.33
484.34
484.35
484.36
484.37
484.38
484.39
484.4
484.41
484.42
484.43
484.44
484.45
484.46
484.47
484.48
484.49
484.5
484.51
484.52
484.53
484.54
484.55
484.56
484.57
484.58
484.59
484.6
484.61
484.62
484.63
484.64
484.65
484.66
484.67
484.68
484.69
484.7
484.71
484.72
484.73
484.74
484.75
484.76
484.77
484.78
484.79
484.8
484.81
484.82
484.83
484.84
484.85
484.86
484.87
484.88
484.89
484.9
484.91
484.92
484.93
484.94
484.95
484.96
484.97
484.98
484.99
485
485.01
485.02
485.03
485.04
485.05
485.06
485.07
485.08
485.09
485.1
485.11
485.12
485.13
485.14
485.15
485.16
485.17
485.18
485.19
485.2
485.21
485.22
485.23
485.24
485.25
485.26
485.27
485.28
485.29
485.3
485.31
485.32
485.33
485.34
485.35
485.36
485.37
485.38
485.39
485.4
485.41
485.42
485.43
485.44
485.45
485.46
485.47
485.48
485.49
485.5
485.51
485.52
485.53
485.54
485.55
485.56
485.57
485.58
485.59
485.6
485.61
485.62
485.63
485.64
485.65
485.66
485.67
485.68
485.69
485.7
485.71
485.72
485.73
485.74
485.75
485.76
485.77
485.78
485.79
485.8
485.81
485.82
485.83
485.84
485.85
485.86
485.87
485.88
485.89
485.9
485.91
485.92
485.93
485.94
485.95
485.96
485.97
485.98
485.99
486
486.01
486.02
486.03
486.04
486.05
486.06
486.07
486.08
486.09
486.1
486.11
486.12
486.13
486.14
486.15
486.16
486.17
486.18
486.19
486.2
486.21
486.22
486.23
486.24
486.25
486.26
486.27
486.28
486.29
486.3
486.31
486.32
486.33
486.34
486.35
486.36
486.37
486.38
486.39
486.4
486.41
486.42
486.43
486.44
486.45
486.46
486.47
486.48
486.49
486.5
486.51
486.52
486.53
486.54
486.55
486.56
486.57
486.58
486.59
486.6
486.61
486.62
486.63
486.64
486.65
486.66
486.67
486.68
486.69
486.7
486.71
486.72
486.73
486.74
486.75
486.76
486.77
486.78
486.79
486.8
486.81
486.82
486.83
486.84
486.85
486.86
486.87
486.88
486.89
486.9
486.91
486.92
486.93
486.94
486.95
486.96
486.97
486.98
486.99
487
487.01
487.02
487.03
487.04
487.05
487.06
487.07
487.08
487.09
487.1
487.11
487.12
487.13
487.14
487.15
487.16
487.17
487.18
487.19
487.2
487.21
487.22
487.23
487.24
487.25
487.26
487.27
487.28
487.29
487.3
487.31
487.32
487.33
487.34
487.35
487.36
487.37
487.38
487.39
487.4
487.41
487.42
487.43
487.44
487.45
487.46
487.47
487.48
487.49
487.5
487.51
487.52
487.53
487.54
487.55
487.56
487.57
487.58
487.59
487.6
487.61
487.62
487.63
487.64
487.65
487.66
487.67
487.68
487.69
487.7
487.71
487.72
487.73
487.74
487.75
487.76
487.77
487.78
487.79
487.8
487.81
487.82
487.83
487.84
487.85
487.86
487.87
487.88
487.89
487.9
487.91
487.92
487.93
487.94
487.95
487.96
487.97
487.98
487.99
488
488.01
488.02
488.03
488.04
488.05
488.06
488.07
488.08
488.09
488.1
488.11
488.12
488.13
488.14
488.15
488.16
488.17
488.18
488.19
488.2
488.21
488.22
488.23
488.24
488.25
488.26
488.27
488.28
488.29
488.3
488.31
488.32
488.33
488.34
488.35
488.36
488.37
488.38
488.39
488.4
488.41
488.42
488.43
488.44
488.45
488.46
488.47
488.48
488.49
488.5
488.51
488.52
488.53
488.54
488.55
488.56
488.57
488.58
488.59
488.6
488.61
488.62
488.63
488.64
488.65
488.66
488.67
488.68
488.69
488.7
488.71
488.72
488.73
488.74
488.75
488.76
488.77
488.78
488.79
488.8
488.81
488.82
488.83
488.84
488.85
488.86
488.87
488.88
488.89
488.9
488.91
488.92
488.93
488.94
488.95
488.96
488.97
488.98
488.99
489
489.01
489.02
489.03
489.04
489.05
489.06
489.07
489.08
489.09
489.1
489.11
489.12
489.13
489.14
489.15
489.16
489.17
489.18
489.19
489.2
489.21
489.22
489.23
489.24
489.25
489.26
489.27
489.28
489.29
489.3
489.31
489.32
489.33
489.34
489.35
489.36
489.37
489.38
489.39
489.4
489.41
489.42
489.43
489.44
489.45
489.46
489.47
489.48
489.49
489.5
489.51
489.52
489.53
489.54
489.55
489.56
489.57
489.58
489.59
489.6
489.61
489.62
489.63
489.64
489.65
489.66
489.67
489.68
489.69
489.7
489.71
489.72
489.73
489.74
489.75
489.76
489.77
489.78
489.79
489.8
489.81
489.82
489.83
489.84
489.85
489.86
489.87
489.88
489.89
489.9
489.91
489.92
489.93
489.94
489.95
489.96
489.97
489.98
489.99
490
490.01
490.02
490.03
490.04
490.05
490.06
490.07
490.08
490.09
490.1
490.11
490.12
490.13
490.14
490.15
490.16
490.17
490.18
490.19
490.2
490.21
490.22
490.23
490.24
490.25
490.26
490.27
490.28
490.29
490.3
490.31
490.32
490.33
490.34
490.35
490.36
490.37
490.38
490.39
490.4
490.41
490.42
490.43
490.44
490.45
490.46
490.47
490.48
490.49
490.5
490.51
490.52
490.53
490.54
490.55
490.56
490.57
490.58
490.59
490.6
490.61
490.62
490.63
490.64
490.65
490.66
490.67
490.68
490.69
490.7
490.71
490.72
490.73
490.74
490.75
490.76
490.77
490.78
490.79
490.8
490.81
490.82
490.83
490.84
490.85
490.86
490.87
490.88
490.89
490.9
490.91
490.92
490.93
490.94
490.95
490.96
490.97
490.98
490.99
491
491.01
491.02
491.03
491.04
491.05
491.06
491.07
491.08
491.09
491.1
491.11
491.12
491.13
491.14
491.15
491.16
491.17
491.18
491.19
491.2
491.21
491.22
491.23
491.24
491.25
491.26
491.27
491.28
491.29
491.3
491.31
491.32
491.33
491.34
491.35
491.36
491.37
491.38
491.39
491.4
491.41
491.42
491.43
491.44
491.45
491.46
491.47
491.48
491.49
491.5
491.51
491.52
491.53
491.54
491.55
491.56
491.57
491.58
491.59
491.6
491.61
491.62
491.63
491.64
491.65
491.66
491.67
491.68
491.69
491.7
491.71
491.72
491.73
491.74
491.75
491.76
491.77
491.78
491.79
491.8
491.81
491.82
491.83
491.84
491.85
491.86
491.87
491.88
491.89
491.9
491.91
491.92
491.93
491.94
491.95
491.96
491.97
491.98
491.99
492
492.01
492.02
492.03
492.04
492.05
492.06
492.07
492.08
492.09
492.1
492.11
492.12
492.13
492.14
492.15
492.16
492.17
492.18
492.19
492.2
492.21
492.22
492.23
492.24
492.25
492.26
492.27
492.28
492.29
492.3
492.31
492.32
492.33
492.34
492.35
492.36
492.37
492.38
492.39
492.4
492.41
492.42
492.43
492.44
492.45
492.46
492.47
492.48
492.49
492.5
492.51
492.52
492.53
492.54
492.55
492.56
492.57
492.58
492.59
492.6
492.61
492.62
492.63
492.64
492.65
492.66
492.67
492.68
492.69
492.7
492.71
492.72
492.73
492.74
492.75
492.76
492.77
492.78
492.79
492.8
492.81
492.82
492.83
492.84
492.85
492.86
492.87
492.88
492.89
492.9
492.91
492.92
492.93
492.94
492.95
492.96
492.97
492.98
492.99
493
493.01
493.02
493.03
493.04
493.05
493.06
493.07
493.08
493.09
493.1
493.11
493.12
493.13
493.14
493.15
493.16
493.17
493.18
493.19
493.2
493.21
493.22
493.23
493.24
493.25
493.26
493.27
493.28
493.29
493.3
493.31
493.32
493.33
493.34
493.35
493.36
493.37
493.38
493.39
493.4
493.41
493.42
493.43
493.44
493.45
493.46
493.47
493.48
493.49
493.5
493.51
493.52
493.53
493.54
493.55
493.56
493.57
493.58
493.59
493.6
493.61
493.62
493.63
493.64
493.65
493.66
493.67
493.68
493.69
493.7
493.71
493.72
493.73
493.74
493.75
493.76
493.77
493.78
493.79
493.8
493.81
493.82
493.83
493.84
493.85
493.86
493.87
493.88
493.89
493.9
493.91
493.92
493.93
493.94
493.95
493.96
493.97
493.98
493.99
494
494.01
494.02
494.03
494.04
494.05
494.06
494.07
494.08
494.09
494.1
494.11
494.12
494.13
494.14
494.15
494.16
494.17
494.18
494.19
494.2
494.21
494.22
494.23
494.24
494.25
494.26
494.27
494.28
494.29
494.3
494.31
494.32
494.33
494.34
494.35
494.36
494.37
494.38
494.39
494.4
494.41
494.42
494.43
494.44
494.45
494.46
494.47
494.48
494.49
494.5
494.51
494.52
494.53
494.54
494.55
494.56
494.57
494.58
494.59
494.6
494.61
494.62
494.63
494.64
494.65
494.66
494.67
494.68
494.69
494.7
494.71
494.72
494.73
494.74
494.75
494.76
494.77
494.78
494.79
494.8
494.81
494.82
494.83
494.84
494.85
494.86
494.87
494.88
494.89
494.9
494.91
494.92
494.93
494.94
494.95
494.96
494.97
494.98
494.99
495
495.01
495.02
495.03
495.04
495.05
495.06
495.07
495.08
495.09
495.1
495.11
495.12
495.13
495.14
495.15
495.16
495.17
495.18
495.19
495.2
495.21
495.22
495.23
495.24
495.25
495.26
495.27
495.28
495.29
495.3
495.31
495.32
495.33
495.34
495.35
495.36
495.37
495.38
495.39
495.4
495.41
495.42
495.43
495.44
495.45
495.46
495.47
495.48
495.49
495.5
495.51
495.52
495.53
495.54
495.55
495.56
495.57
495.58
495.59
495.6
495.61
495.62
495.63
495.64
495.65
495.66
495.67
495.68
495.69
495.7
495.71
495.72
495.73
495.74
495.75
495.76
495.77
495.78
495.79
495.8
495.81
495.82
495.83
495.84
495.85
495.86
495.87
495.88
495.89
495.9
495.91
495.92
495.93
495.94
495.95
495.96
495.97
495.98
495.99
496
496.01
496.02
496.03
496.04
496.05
496.06
496.07
496.08
496.09
496.1
496.11
496.12
496.13
496.14
496.15
496.16
496.17
496.18
496.19
496.2
496.21
496.22
496.23
496.24
496.25
496.26
496.27
496.28
496.29
496.3
496.31
496.32
496.33
496.34
496.35
496.36
496.37
496.38
496.39
496.4
496.41
496.42
496.43
496.44
496.45
496.46
496.47
496.48
496.49
496.5
496.51
496.52
496.53
496.54
496.55
496.56
496.57
496.58
496.59
496.6
496.61
496.62
496.63
496.64
496.65
496.66
496.67
496.68
496.69
496.7
496.71
496.72
496.73
496.74
496.75
496.76
496.77
496.78
496.79
496.8
496.81
496.82
496.83
496.84
496.85
496.86
496.87
496.88
496.89
496.9
496.91
496.92
496.93
496.94
496.95
496.96
496.97
496.98
496.99
497
497.01
497.02
497.03
497.04
497.05
497.06
497.07
497.08
497.09
497.1
497.11
497.12
497.13
497.14
497.15
497.16
497.17
497.18
497.19
497.2
497.21
497.22
497.23
497.24
497.25
497.26
497.27
497.28
497.29
497.3
497.31
497.32
497.33
497.34
497.35
497.36
497.37
497.38
497.39
497.4
497.41
497.42
497.43
497.44
497.45
497.46
497.47
497.48
497.49
497.5
497.51
497.52
497.53
497.54
497.55
497.56
497.57
497.58
497.59
497.6
497.61
497.62
497.63
497.64
497.65
497.66
497.67
497.68
497.69
497.7
497.71
497.72
497.73
497.74
497.75
497.76
497.77
497.78
497.79
497.8
497.81
497.82
497.83
497.84
497.85
497.86
497.87
497.88
497.89
497.9
497.91
497.92
497.93
497.94
497.95
497.96
497.97
497.98
497.99
498
498.01
498.02
498.03
498.04
498.05
498.06
498.07
498.08
498.09
498.1
498.11
498.12
498.13
498.14
498.15
498.16
498.17
498.18
498.19
498.2
498.21
498.22
498.23
498.24
498.25
498.26
498.27
498.28
498.29
498.3
498.31
498.32
498.33
498.34
498.35
498.36
498.37
498.38
498.39
498.4
498.41
498.42
498.43
498.44
498.45
498.46
498.47
498.48
498.49
498.5
498.51
498.52
498.53
498.54
498.55
498.56
498.57
498.58
498.59
498.6
498.61
498.62
498.63
498.64
498.65
498.66
498.67
498.68
498.69
498.7
498.71
498.72
498.73
498.74
498.75
498.76
498.77
498.78
498.79
498.8
498.81
498.82
498.83
498.84
498.85
498.86
498.87
498.88
498.89
498.9
498.91
498.92
498.93
498.94
498.95
498.96
498.97
498.98
498.99
499
499.01
499.02
499.03
499.04
499.05
499.06
499.07
499.08
499.09
499.1
499.11
499.12
499.13
499.14
499.15
499.16
499.17
499.18
499.19
499.2
499.21
499.22
499.23
499.24
499.25
499.26
499.27
499.28
499.29
499.3
499.31
499.32
499.33
499.34
499.35
499.36
499.37
499.38
499.39
499.4
499.41
499.42
499.43
499.44
499.45
499.46
499.47
499.48
499.49
499.5
499.51
499.52
499.53
499.54
499.55
499.56
499.57
499.58
499.59
499.6
499.61
499.62
499.63
499.64
499.65
499.66
499.67
499.68
499.69
499.7
499.71
499.72
499.73
499.74
499.75
499.76
499.77
499.78
499.79
499.8
499.81
499.82
499.83
499.84
499.85
499.86
499.87
499.88
499.89
499.9
499.91
499.92
499.93
499.94
499.95
499.96
499.97
499.98
499.99
500
)
;

boundaryField
{
    upperWall
    {
        type            zeroGradient;
    }
}


// ************************************************************************* //
