/*--------------------------------*- C++ -*----------------------------------*\
| =========                 |                                                 |
| \\      /  F ield         | OpenFOAM: The Open Source CFD Toolbox           |
|  \\    /   O peration     | Version:  2.3.0                                 |
|   \\  /    A nd           | Web:      www.OpenFOAM.org                      |
|    \\/     M anipulation  |                                                 |
\*---------------------------------------------------------------------------*/
FoamFile
{
    version     2.0;
    format      ascii;
    class       volScalarField;
    location    "1e-06";
    object      T;
}
// * * * * * * * * * * * * * * * * * * * * * * * * * * * * * * * * * * * * * //

dimensions      [0 0 0 1 0 0 0];

internalField   nonuniform List<scalar> 
10000
(
500.01
500.02
500.03
500.04
500.05
500.06
500.07
500.08
500.09
500.1
500.11
500.12
500.13
500.14
500.15
500.16
500.17
500.18
500.19
500.2
500.21
500.22
500.23
500.24
500.25
500.26
500.27
500.28
500.29
500.3
500.31
500.32
500.33
500.34
500.35
500.36
500.37
500.38
500.39
500.4
500.41
500.42
500.43
500.44
500.45
500.46
500.47
500.48
500.49
500.5
500.51
500.52
500.53
500.54
500.55
500.56
500.57
500.58
500.59
500.6
500.61
500.62
500.63
500.64
500.65
500.66
500.67
500.68
500.69
500.7
500.71
500.72
500.73
500.74
500.75
500.76
500.77
500.78
500.79
500.8
500.81
500.82
500.83
500.84
500.85
500.86
500.87
500.88
500.89
500.9
500.91
500.92
500.93
500.94
500.95
500.96
500.97
500.98
500.99
501
501.01
501.02
501.03
501.04
501.05
501.06
501.07
501.08
501.09
501.1
501.11
501.12
501.13
501.14
501.15
501.16
501.17
501.18
501.19
501.2
501.21
501.22
501.23
501.24
501.25
501.26
501.27
501.28
501.29
501.3
501.31
501.32
501.33
501.34
501.35
501.36
501.37
501.38
501.39
501.4
501.41
501.42
501.43
501.44
501.45
501.46
501.47
501.48
501.49
501.5
501.51
501.52
501.53
501.54
501.55
501.56
501.57
501.58
501.59
501.6
501.61
501.62
501.63
501.64
501.65
501.66
501.67
501.68
501.69
501.7
501.71
501.72
501.73
501.74
501.75
501.76
501.77
501.78
501.79
501.8
501.81
501.82
501.83
501.84
501.85
501.86
501.87
501.88
501.89
501.9
501.91
501.92
501.93
501.94
501.95
501.96
501.97
501.98
501.99
502
502.01
502.02
502.03
502.04
502.05
502.06
502.07
502.08
502.09
502.1
502.11
502.12
502.13
502.14
502.15
502.16
502.17
502.18
502.19
502.2
502.21
502.22
502.23
502.24
502.25
502.26
502.27
502.28
502.29
502.3
502.31
502.32
502.33
502.34
502.35
502.36
502.37
502.38
502.39
502.4
502.41
502.42
502.43
502.44
502.45
502.46
502.47
502.48
502.49
502.5
502.51
502.52
502.53
502.54
502.55
502.56
502.57
502.58
502.59
502.6
502.61
502.62
502.63
502.64
502.65
502.66
502.67
502.68
502.69
502.7
502.71
502.72
502.73
502.74
502.75
502.76
502.77
502.78
502.79
502.8
502.81
502.82
502.83
502.84
502.85
502.86
502.87
502.88
502.89
502.9
502.91
502.92
502.93
502.94
502.95
502.96
502.97
502.98
502.99
503
503.01
503.02
503.03
503.04
503.05
503.06
503.07
503.08
503.09
503.1
503.11
503.12
503.13
503.14
503.15
503.16
503.17
503.18
503.19
503.2
503.21
503.22
503.23
503.24
503.25
503.26
503.27
503.28
503.29
503.3
503.31
503.32
503.33
503.34
503.35
503.36
503.37
503.38
503.39
503.4
503.41
503.42
503.43
503.44
503.45
503.46
503.47
503.48
503.49
503.5
503.51
503.52
503.53
503.54
503.55
503.56
503.57
503.58
503.59
503.6
503.61
503.62
503.63
503.64
503.65
503.66
503.67
503.68
503.69
503.7
503.71
503.72
503.73
503.74
503.75
503.76
503.77
503.78
503.79
503.8
503.81
503.82
503.83
503.84
503.85
503.86
503.87
503.88
503.89
503.9
503.91
503.92
503.93
503.94
503.95
503.96
503.97
503.98
503.99
504
504.01
504.02
504.03
504.04
504.05
504.06
504.07
504.08
504.09
504.1
504.11
504.12
504.13
504.14
504.15
504.16
504.17
504.18
504.19
504.2
504.21
504.22
504.23
504.24
504.25
504.26
504.27
504.28
504.29
504.3
504.31
504.32
504.33
504.34
504.35
504.36
504.37
504.38
504.39
504.4
504.41
504.42
504.43
504.44
504.45
504.46
504.47
504.48
504.49
504.5
504.51
504.52
504.53
504.54
504.55
504.56
504.57
504.58
504.59
504.6
504.61
504.62
504.63
504.64
504.65
504.66
504.67
504.68
504.69
504.7
504.71
504.72
504.73
504.74
504.75
504.76
504.77
504.78
504.79
504.8
504.81
504.82
504.83
504.84
504.85
504.86
504.87
504.88
504.89
504.9
504.91
504.92
504.93
504.94
504.95
504.96
504.97
504.98
504.99
505
505.01
505.02
505.03
505.04
505.05
505.06
505.07
505.08
505.09
505.1
505.11
505.12
505.13
505.14
505.15
505.16
505.17
505.18
505.19
505.2
505.21
505.22
505.23
505.24
505.25
505.26
505.27
505.28
505.29
505.3
505.31
505.32
505.33
505.34
505.35
505.36
505.37
505.38
505.39
505.4
505.41
505.42
505.43
505.44
505.45
505.46
505.47
505.48
505.49
505.5
505.51
505.52
505.53
505.54
505.55
505.56
505.57
505.58
505.59
505.6
505.61
505.62
505.63
505.64
505.65
505.66
505.67
505.68
505.69
505.7
505.71
505.72
505.73
505.74
505.75
505.76
505.77
505.78
505.79
505.8
505.81
505.82
505.83
505.84
505.85
505.86
505.87
505.88
505.89
505.9
505.91
505.92
505.93
505.94
505.95
505.96
505.97
505.98
505.99
506
506.01
506.02
506.03
506.04
506.05
506.06
506.07
506.08
506.09
506.1
506.11
506.12
506.13
506.14
506.15
506.16
506.17
506.18
506.19
506.2
506.21
506.22
506.23
506.24
506.25
506.26
506.27
506.28
506.29
506.3
506.31
506.32
506.33
506.34
506.35
506.36
506.37
506.38
506.39
506.4
506.41
506.42
506.43
506.44
506.45
506.46
506.47
506.48
506.49
506.5
506.51
506.52
506.53
506.54
506.55
506.56
506.57
506.58
506.59
506.6
506.61
506.62
506.63
506.64
506.65
506.66
506.67
506.68
506.69
506.7
506.71
506.72
506.73
506.74
506.75
506.76
506.77
506.78
506.79
506.8
506.81
506.82
506.83
506.84
506.85
506.86
506.87
506.88
506.89
506.9
506.91
506.92
506.93
506.94
506.95
506.96
506.97
506.98
506.99
507
507.01
507.02
507.03
507.04
507.05
507.06
507.07
507.08
507.09
507.1
507.11
507.12
507.13
507.14
507.15
507.16
507.17
507.18
507.19
507.2
507.21
507.22
507.23
507.24
507.25
507.26
507.27
507.28
507.29
507.3
507.31
507.32
507.33
507.34
507.35
507.36
507.37
507.38
507.39
507.4
507.41
507.42
507.43
507.44
507.45
507.46
507.47
507.48
507.49
507.5
507.51
507.52
507.53
507.54
507.55
507.56
507.57
507.58
507.59
507.6
507.61
507.62
507.63
507.64
507.65
507.66
507.67
507.68
507.69
507.7
507.71
507.72
507.73
507.74
507.75
507.76
507.77
507.78
507.79
507.8
507.81
507.82
507.83
507.84
507.85
507.86
507.87
507.88
507.89
507.9
507.91
507.92
507.93
507.94
507.95
507.96
507.97
507.98
507.99
508
508.01
508.02
508.03
508.04
508.05
508.06
508.07
508.08
508.09
508.1
508.11
508.12
508.13
508.14
508.15
508.16
508.17
508.18
508.19
508.2
508.21
508.22
508.23
508.24
508.25
508.26
508.27
508.28
508.29
508.3
508.31
508.32
508.33
508.34
508.35
508.36
508.37
508.38
508.39
508.4
508.41
508.42
508.43
508.44
508.45
508.46
508.47
508.48
508.49
508.5
508.51
508.52
508.53
508.54
508.55
508.56
508.57
508.58
508.59
508.6
508.61
508.62
508.63
508.64
508.65
508.66
508.67
508.68
508.69
508.7
508.71
508.72
508.73
508.74
508.75
508.76
508.77
508.78
508.79
508.8
508.81
508.82
508.83
508.84
508.85
508.86
508.87
508.88
508.89
508.9
508.91
508.92
508.93
508.94
508.95
508.96
508.97
508.98
508.99
509
509.01
509.02
509.03
509.04
509.05
509.06
509.07
509.08
509.09
509.1
509.11
509.12
509.13
509.14
509.15
509.16
509.17
509.18
509.19
509.2
509.21
509.22
509.23
509.24
509.25
509.26
509.27
509.28
509.29
509.3
509.31
509.32
509.33
509.34
509.35
509.36
509.37
509.38
509.39
509.4
509.41
509.42
509.43
509.44
509.45
509.46
509.47
509.48
509.49
509.5
509.51
509.52
509.53
509.54
509.55
509.56
509.57
509.58
509.59
509.6
509.61
509.62
509.63
509.64
509.65
509.66
509.67
509.68
509.69
509.7
509.71
509.72
509.73
509.74
509.75
509.76
509.77
509.78
509.79
509.8
509.81
509.82
509.83
509.84
509.85
509.86
509.87
509.88
509.89
509.9
509.91
509.92
509.93
509.94
509.95
509.96
509.97
509.98
509.99
510
510.01
510.02
510.03
510.04
510.05
510.06
510.07
510.08
510.09
510.1
510.11
510.12
510.13
510.14
510.15
510.16
510.17
510.18
510.19
510.2
510.21
510.22
510.23
510.24
510.25
510.26
510.27
510.28
510.29
510.3
510.31
510.32
510.33
510.34
510.35
510.36
510.37
510.38
510.39
510.4
510.41
510.42
510.43
510.44
510.45
510.46
510.47
510.48
510.49
510.5
510.51
510.52
510.53
510.54
510.55
510.56
510.57
510.58
510.59
510.6
510.61
510.62
510.63
510.64
510.65
510.66
510.67
510.68
510.69
510.7
510.71
510.72
510.73
510.74
510.75
510.76
510.77
510.78
510.79
510.8
510.81
510.82
510.83
510.84
510.85
510.86
510.87
510.88
510.89
510.9
510.91
510.92
510.93
510.94
510.95
510.96
510.97
510.98
510.99
511
511.01
511.02
511.03
511.04
511.05
511.06
511.07
511.08
511.09
511.1
511.11
511.12
511.13
511.14
511.15
511.16
511.17
511.18
511.19
511.2
511.21
511.22
511.23
511.24
511.25
511.26
511.27
511.28
511.29
511.3
511.31
511.32
511.33
511.34
511.35
511.36
511.37
511.38
511.39
511.4
511.41
511.42
511.43
511.44
511.45
511.46
511.47
511.48
511.49
511.5
511.51
511.52
511.53
511.54
511.55
511.56
511.57
511.58
511.59
511.6
511.61
511.62
511.63
511.64
511.65
511.66
511.67
511.68
511.69
511.7
511.71
511.72
511.73
511.74
511.75
511.76
511.77
511.78
511.79
511.8
511.81
511.82
511.83
511.84
511.85
511.86
511.87
511.88
511.89
511.9
511.91
511.92
511.93
511.94
511.95
511.96
511.97
511.98
511.99
512
512.01
512.02
512.03
512.04
512.05
512.06
512.07
512.08
512.09
512.1
512.11
512.12
512.13
512.14
512.15
512.16
512.17
512.18
512.19
512.2
512.21
512.22
512.23
512.24
512.25
512.26
512.27
512.28
512.29
512.3
512.31
512.32
512.33
512.34
512.35
512.36
512.37
512.38
512.39
512.4
512.41
512.42
512.43
512.44
512.45
512.46
512.47
512.48
512.49
512.5
512.51
512.52
512.53
512.54
512.55
512.56
512.57
512.58
512.59
512.6
512.61
512.62
512.63
512.64
512.65
512.66
512.67
512.68
512.69
512.7
512.71
512.72
512.73
512.74
512.75
512.76
512.77
512.78
512.79
512.8
512.81
512.82
512.83
512.84
512.85
512.86
512.87
512.88
512.89
512.9
512.91
512.92
512.93
512.94
512.95
512.96
512.97
512.98
512.99
513
513.01
513.02
513.03
513.04
513.05
513.06
513.07
513.08
513.09
513.1
513.11
513.12
513.13
513.14
513.15
513.16
513.17
513.18
513.19
513.2
513.21
513.22
513.23
513.24
513.25
513.26
513.27
513.28
513.29
513.3
513.31
513.32
513.33
513.34
513.35
513.36
513.37
513.38
513.39
513.4
513.41
513.42
513.43
513.44
513.45
513.46
513.47
513.48
513.49
513.5
513.51
513.52
513.53
513.54
513.55
513.56
513.57
513.58
513.59
513.6
513.61
513.62
513.63
513.64
513.65
513.66
513.67
513.68
513.69
513.7
513.71
513.72
513.73
513.74
513.75
513.76
513.77
513.78
513.79
513.8
513.81
513.82
513.83
513.84
513.85
513.86
513.87
513.88
513.89
513.9
513.91
513.92
513.93
513.94
513.95
513.96
513.97
513.98
513.99
514
514.01
514.02
514.03
514.04
514.05
514.06
514.07
514.08
514.09
514.1
514.11
514.12
514.13
514.14
514.15
514.16
514.17
514.18
514.19
514.2
514.21
514.22
514.23
514.24
514.25
514.26
514.27
514.28
514.29
514.3
514.31
514.32
514.33
514.34
514.35
514.36
514.37
514.38
514.39
514.4
514.41
514.42
514.43
514.44
514.45
514.46
514.47
514.48
514.49
514.5
514.51
514.52
514.53
514.54
514.55
514.56
514.57
514.58
514.59
514.6
514.61
514.62
514.63
514.64
514.65
514.66
514.67
514.68
514.69
514.7
514.71
514.72
514.73
514.74
514.75
514.76
514.77
514.78
514.79
514.8
514.81
514.82
514.83
514.84
514.85
514.86
514.87
514.88
514.89
514.9
514.91
514.92
514.93
514.94
514.95
514.96
514.97
514.98
514.99
515
515.01
515.02
515.03
515.04
515.05
515.06
515.07
515.08
515.09
515.1
515.11
515.12
515.13
515.14
515.15
515.16
515.17
515.18
515.19
515.2
515.21
515.22
515.23
515.24
515.25
515.26
515.27
515.28
515.29
515.3
515.31
515.32
515.33
515.34
515.35
515.36
515.37
515.38
515.39
515.4
515.41
515.42
515.43
515.44
515.45
515.46
515.47
515.48
515.49
515.5
515.51
515.52
515.53
515.54
515.55
515.56
515.57
515.58
515.59
515.6
515.61
515.62
515.63
515.64
515.65
515.66
515.67
515.68
515.69
515.7
515.71
515.72
515.73
515.74
515.75
515.76
515.77
515.78
515.79
515.8
515.81
515.82
515.83
515.84
515.85
515.86
515.87
515.88
515.89
515.9
515.91
515.92
515.93
515.94
515.95
515.96
515.97
515.98
515.99
516
516.01
516.02
516.03
516.04
516.05
516.06
516.07
516.08
516.09
516.1
516.11
516.12
516.13
516.14
516.15
516.16
516.17
516.18
516.19
516.2
516.21
516.22
516.23
516.24
516.25
516.26
516.27
516.28
516.29
516.3
516.31
516.32
516.33
516.34
516.35
516.36
516.37
516.38
516.39
516.4
516.41
516.42
516.43
516.44
516.45
516.46
516.47
516.48
516.49
516.5
516.51
516.52
516.53
516.54
516.55
516.56
516.57
516.58
516.59
516.6
516.61
516.62
516.63
516.64
516.65
516.66
516.67
516.68
516.69
516.7
516.71
516.72
516.73
516.74
516.75
516.76
516.77
516.78
516.79
516.8
516.81
516.82
516.83
516.84
516.85
516.86
516.87
516.88
516.89
516.9
516.91
516.92
516.93
516.94
516.95
516.96
516.97
516.98
516.99
517
517.01
517.02
517.03
517.04
517.05
517.06
517.07
517.08
517.09
517.1
517.11
517.12
517.13
517.14
517.15
517.16
517.17
517.18
517.19
517.2
517.21
517.22
517.23
517.24
517.25
517.26
517.27
517.28
517.29
517.3
517.31
517.32
517.33
517.34
517.35
517.36
517.37
517.38
517.39
517.4
517.41
517.42
517.43
517.44
517.45
517.46
517.47
517.48
517.49
517.5
517.51
517.52
517.53
517.54
517.55
517.56
517.57
517.58
517.59
517.6
517.61
517.62
517.63
517.64
517.65
517.66
517.67
517.68
517.69
517.7
517.71
517.72
517.73
517.74
517.75
517.76
517.77
517.78
517.79
517.8
517.81
517.82
517.83
517.84
517.85
517.86
517.87
517.88
517.89
517.9
517.91
517.92
517.93
517.94
517.95
517.96
517.97
517.98
517.99
518
518.01
518.02
518.03
518.04
518.05
518.06
518.07
518.08
518.09
518.1
518.11
518.12
518.13
518.14
518.15
518.16
518.17
518.18
518.19
518.2
518.21
518.22
518.23
518.24
518.25
518.26
518.27
518.28
518.29
518.3
518.31
518.32
518.33
518.34
518.35
518.36
518.37
518.38
518.39
518.4
518.41
518.42
518.43
518.44
518.45
518.46
518.47
518.48
518.49
518.5
518.51
518.52
518.53
518.54
518.55
518.56
518.57
518.58
518.59
518.6
518.61
518.62
518.63
518.64
518.65
518.66
518.67
518.68
518.69
518.7
518.71
518.72
518.73
518.74
518.75
518.76
518.77
518.78
518.79
518.8
518.81
518.82
518.83
518.84
518.85
518.86
518.87
518.88
518.89
518.9
518.91
518.92
518.93
518.94
518.95
518.96
518.97
518.98
518.99
519
519.01
519.02
519.03
519.04
519.05
519.06
519.07
519.08
519.09
519.1
519.11
519.12
519.13
519.14
519.15
519.16
519.17
519.18
519.19
519.2
519.21
519.22
519.23
519.24
519.25
519.26
519.27
519.28
519.29
519.3
519.31
519.32
519.33
519.34
519.35
519.36
519.37
519.38
519.39
519.4
519.41
519.42
519.43
519.44
519.45
519.46
519.47
519.48
519.49
519.5
519.51
519.52
519.53
519.54
519.55
519.56
519.57
519.58
519.59
519.6
519.61
519.62
519.63
519.64
519.65
519.66
519.67
519.68
519.69
519.7
519.71
519.72
519.73
519.74
519.75
519.76
519.77
519.78
519.79
519.8
519.81
519.82
519.83
519.84
519.85
519.86
519.87
519.88
519.89
519.9
519.91
519.92
519.93
519.94
519.95
519.96
519.97
519.98
519.99
520
520.01
520.02
520.03
520.04
520.05
520.06
520.07
520.08
520.09
520.1
520.11
520.12
520.13
520.14
520.15
520.16
520.17
520.18
520.19
520.2
520.21
520.22
520.23
520.24
520.25
520.26
520.27
520.28
520.29
520.3
520.31
520.32
520.33
520.34
520.35
520.36
520.37
520.38
520.39
520.4
520.41
520.42
520.43
520.44
520.45
520.46
520.47
520.48
520.49
520.5
520.51
520.52
520.53
520.54
520.55
520.56
520.57
520.58
520.59
520.6
520.61
520.62
520.63
520.64
520.65
520.66
520.67
520.68
520.69
520.7
520.71
520.72
520.73
520.74
520.75
520.76
520.77
520.78
520.79
520.8
520.81
520.82
520.83
520.84
520.85
520.86
520.87
520.88
520.89
520.9
520.91
520.92
520.93
520.94
520.95
520.96
520.97
520.98
520.99
521
521.01
521.02
521.03
521.04
521.05
521.06
521.07
521.08
521.09
521.1
521.11
521.12
521.13
521.14
521.15
521.16
521.17
521.18
521.19
521.2
521.21
521.22
521.23
521.24
521.25
521.26
521.27
521.28
521.29
521.3
521.31
521.32
521.33
521.34
521.35
521.36
521.37
521.38
521.39
521.4
521.41
521.42
521.43
521.44
521.45
521.46
521.47
521.48
521.49
521.5
521.51
521.52
521.53
521.54
521.55
521.56
521.57
521.58
521.59
521.6
521.61
521.62
521.63
521.64
521.65
521.66
521.67
521.68
521.69
521.7
521.71
521.72
521.73
521.74
521.75
521.76
521.77
521.78
521.79
521.8
521.81
521.82
521.83
521.84
521.85
521.86
521.87
521.88
521.89
521.9
521.91
521.92
521.93
521.94
521.95
521.96
521.97
521.98
521.99
522
522.01
522.02
522.03
522.04
522.05
522.06
522.07
522.08
522.09
522.1
522.11
522.12
522.13
522.14
522.15
522.16
522.17
522.18
522.19
522.2
522.21
522.22
522.23
522.24
522.25
522.26
522.27
522.28
522.29
522.3
522.31
522.32
522.33
522.34
522.35
522.36
522.37
522.38
522.39
522.4
522.41
522.42
522.43
522.44
522.45
522.46
522.47
522.48
522.49
522.5
522.51
522.52
522.53
522.54
522.55
522.56
522.57
522.58
522.59
522.6
522.61
522.62
522.63
522.64
522.65
522.66
522.67
522.68
522.69
522.7
522.71
522.72
522.73
522.74
522.75
522.76
522.77
522.78
522.79
522.8
522.81
522.82
522.83
522.84
522.85
522.86
522.87
522.88
522.89
522.9
522.91
522.92
522.93
522.94
522.95
522.96
522.97
522.98
522.99
523
523.01
523.02
523.03
523.04
523.05
523.06
523.07
523.08
523.09
523.1
523.11
523.12
523.13
523.14
523.15
523.16
523.17
523.18
523.19
523.2
523.21
523.22
523.23
523.24
523.25
523.26
523.27
523.28
523.29
523.3
523.31
523.32
523.33
523.34
523.35
523.36
523.37
523.38
523.39
523.4
523.41
523.42
523.43
523.44
523.45
523.46
523.47
523.48
523.49
523.5
523.51
523.52
523.53
523.54
523.55
523.56
523.57
523.58
523.59
523.6
523.61
523.62
523.63
523.64
523.65
523.66
523.67
523.68
523.69
523.7
523.71
523.72
523.73
523.74
523.75
523.76
523.77
523.78
523.79
523.8
523.81
523.82
523.83
523.84
523.85
523.86
523.87
523.88
523.89
523.9
523.91
523.92
523.93
523.94
523.95
523.96
523.97
523.98
523.99
524
524.01
524.02
524.03
524.04
524.05
524.06
524.07
524.08
524.09
524.1
524.11
524.12
524.13
524.14
524.15
524.16
524.17
524.18
524.19
524.2
524.21
524.22
524.23
524.24
524.25
524.26
524.27
524.28
524.29
524.3
524.31
524.32
524.33
524.34
524.35
524.36
524.37
524.38
524.39
524.4
524.41
524.42
524.43
524.44
524.45
524.46
524.47
524.48
524.49
524.5
524.51
524.52
524.53
524.54
524.55
524.56
524.57
524.58
524.59
524.6
524.61
524.62
524.63
524.64
524.65
524.66
524.67
524.68
524.69
524.7
524.71
524.72
524.73
524.74
524.75
524.76
524.77
524.78
524.79
524.8
524.81
524.82
524.83
524.84
524.85
524.86
524.87
524.88
524.89
524.9
524.91
524.92
524.93
524.94
524.95
524.96
524.97
524.98
524.99
525
525.01
525.02
525.03
525.04
525.05
525.06
525.07
525.08
525.09
525.1
525.11
525.12
525.13
525.14
525.15
525.16
525.17
525.18
525.19
525.2
525.21
525.22
525.23
525.24
525.25
525.26
525.27
525.28
525.29
525.3
525.31
525.32
525.33
525.34
525.35
525.36
525.37
525.38
525.39
525.4
525.41
525.42
525.43
525.44
525.45
525.46
525.47
525.48
525.49
525.5
525.51
525.52
525.53
525.54
525.55
525.56
525.57
525.58
525.59
525.6
525.61
525.62
525.63
525.64
525.65
525.66
525.67
525.68
525.69
525.7
525.71
525.72
525.73
525.74
525.75
525.76
525.77
525.78
525.79
525.8
525.81
525.82
525.83
525.84
525.85
525.86
525.87
525.88
525.89
525.9
525.91
525.92
525.93
525.94
525.95
525.96
525.97
525.98
525.99
526
526.01
526.02
526.03
526.04
526.05
526.06
526.07
526.08
526.09
526.1
526.11
526.12
526.13
526.14
526.15
526.16
526.17
526.18
526.19
526.2
526.21
526.22
526.23
526.24
526.25
526.26
526.27
526.28
526.29
526.3
526.31
526.32
526.33
526.34
526.35
526.36
526.37
526.38
526.39
526.4
526.41
526.42
526.43
526.44
526.45
526.46
526.47
526.48
526.49
526.5
526.51
526.52
526.53
526.54
526.55
526.56
526.57
526.58
526.59
526.6
526.61
526.62
526.63
526.64
526.65
526.66
526.67
526.68
526.69
526.7
526.71
526.72
526.73
526.74
526.75
526.76
526.77
526.78
526.79
526.8
526.81
526.82
526.83
526.84
526.85
526.86
526.87
526.88
526.89
526.9
526.91
526.92
526.93
526.94
526.95
526.96
526.97
526.98
526.99
527
527.01
527.02
527.03
527.04
527.05
527.06
527.07
527.08
527.09
527.1
527.11
527.12
527.13
527.14
527.15
527.16
527.17
527.18
527.19
527.2
527.21
527.22
527.23
527.24
527.25
527.26
527.27
527.28
527.29
527.3
527.31
527.32
527.33
527.34
527.35
527.36
527.37
527.38
527.39
527.4
527.41
527.42
527.43
527.44
527.45
527.46
527.47
527.48
527.49
527.5
527.51
527.52
527.53
527.54
527.55
527.56
527.57
527.58
527.59
527.6
527.61
527.62
527.63
527.64
527.65
527.66
527.67
527.68
527.69
527.7
527.71
527.72
527.73
527.74
527.75
527.76
527.77
527.78
527.79
527.8
527.81
527.82
527.83
527.84
527.85
527.86
527.87
527.88
527.89
527.9
527.91
527.92
527.93
527.94
527.95
527.96
527.97
527.98
527.99
528
528.01
528.02
528.03
528.04
528.05
528.06
528.07
528.08
528.09
528.1
528.11
528.12
528.13
528.14
528.15
528.16
528.17
528.18
528.19
528.2
528.21
528.22
528.23
528.24
528.25
528.26
528.27
528.28
528.29
528.3
528.31
528.32
528.33
528.34
528.35
528.36
528.37
528.38
528.39
528.4
528.41
528.42
528.43
528.44
528.45
528.46
528.47
528.48
528.49
528.5
528.51
528.52
528.53
528.54
528.55
528.56
528.57
528.58
528.59
528.6
528.61
528.62
528.63
528.64
528.65
528.66
528.67
528.68
528.69
528.7
528.71
528.72
528.73
528.74
528.75
528.76
528.77
528.78
528.79
528.8
528.81
528.82
528.83
528.84
528.85
528.86
528.87
528.88
528.89
528.9
528.91
528.92
528.93
528.94
528.95
528.96
528.97
528.98
528.99
529
529.01
529.02
529.03
529.04
529.05
529.06
529.07
529.08
529.09
529.1
529.11
529.12
529.13
529.14
529.15
529.16
529.17
529.18
529.19
529.2
529.21
529.22
529.23
529.24
529.25
529.26
529.27
529.28
529.29
529.3
529.31
529.32
529.33
529.34
529.35
529.36
529.37
529.38
529.39
529.4
529.41
529.42
529.43
529.44
529.45
529.46
529.47
529.48
529.49
529.5
529.51
529.52
529.53
529.54
529.55
529.56
529.57
529.58
529.59
529.6
529.61
529.62
529.63
529.64
529.65
529.66
529.67
529.68
529.69
529.7
529.71
529.72
529.73
529.74
529.75
529.76
529.77
529.78
529.79
529.8
529.81
529.82
529.83
529.84
529.85
529.86
529.87
529.88
529.89
529.9
529.91
529.92
529.93
529.94
529.95
529.96
529.97
529.98
529.99
530
530.01
530.02
530.03
530.04
530.05
530.06
530.07
530.08
530.09
530.1
530.11
530.12
530.13
530.14
530.15
530.16
530.17
530.18
530.19
530.2
530.21
530.22
530.23
530.24
530.25
530.26
530.27
530.28
530.29
530.3
530.31
530.32
530.33
530.34
530.35
530.36
530.37
530.38
530.39
530.4
530.41
530.42
530.43
530.44
530.45
530.46
530.47
530.48
530.49
530.5
530.51
530.52
530.53
530.54
530.55
530.56
530.57
530.58
530.59
530.6
530.61
530.62
530.63
530.64
530.65
530.66
530.67
530.68
530.69
530.7
530.71
530.72
530.73
530.74
530.75
530.76
530.77
530.78
530.79
530.8
530.81
530.82
530.83
530.84
530.85
530.86
530.87
530.88
530.89
530.9
530.91
530.92
530.93
530.94
530.95
530.96
530.97
530.98
530.99
531
531.01
531.02
531.03
531.04
531.05
531.06
531.07
531.08
531.09
531.1
531.11
531.12
531.13
531.14
531.15
531.16
531.17
531.18
531.19
531.2
531.21
531.22
531.23
531.24
531.25
531.26
531.27
531.28
531.29
531.3
531.31
531.32
531.33
531.34
531.35
531.36
531.37
531.38
531.39
531.4
531.41
531.42
531.43
531.44
531.45
531.46
531.47
531.48
531.49
531.5
531.51
531.52
531.53
531.54
531.55
531.56
531.57
531.58
531.59
531.6
531.61
531.62
531.63
531.64
531.65
531.66
531.67
531.68
531.69
531.7
531.71
531.72
531.73
531.74
531.75
531.76
531.77
531.78
531.79
531.8
531.81
531.82
531.83
531.84
531.85
531.86
531.87
531.88
531.89
531.9
531.91
531.92
531.93
531.94
531.95
531.96
531.97
531.98
531.99
532
532.01
532.02
532.03
532.04
532.05
532.06
532.07
532.08
532.09
532.1
532.11
532.12
532.13
532.14
532.15
532.16
532.17
532.18
532.19
532.2
532.21
532.22
532.23
532.24
532.25
532.26
532.27
532.28
532.29
532.3
532.31
532.32
532.33
532.34
532.35
532.36
532.37
532.38
532.39
532.4
532.41
532.42
532.43
532.44
532.45
532.46
532.47
532.48
532.49
532.5
532.51
532.52
532.53
532.54
532.55
532.56
532.57
532.58
532.59
532.6
532.61
532.62
532.63
532.64
532.65
532.66
532.67
532.68
532.69
532.7
532.71
532.72
532.73
532.74
532.75
532.76
532.77
532.78
532.79
532.8
532.81
532.82
532.83
532.84
532.85
532.86
532.87
532.88
532.89
532.9
532.91
532.92
532.93
532.94
532.95
532.96
532.97
532.98
532.99
533
533.01
533.02
533.03
533.04
533.05
533.06
533.07
533.08
533.09
533.1
533.11
533.12
533.13
533.14
533.15
533.16
533.17
533.18
533.19
533.2
533.21
533.22
533.23
533.24
533.25
533.26
533.27
533.28
533.29
533.3
533.31
533.32
533.33
533.34
533.35
533.36
533.37
533.38
533.39
533.4
533.41
533.42
533.43
533.44
533.45
533.46
533.47
533.48
533.49
533.5
533.51
533.52
533.53
533.54
533.55
533.56
533.57
533.58
533.59
533.6
533.61
533.62
533.63
533.64
533.65
533.66
533.67
533.68
533.69
533.7
533.71
533.72
533.73
533.74
533.75
533.76
533.77
533.78
533.79
533.8
533.81
533.82
533.83
533.84
533.85
533.86
533.87
533.88
533.89
533.9
533.91
533.92
533.93
533.94
533.95
533.96
533.97
533.98
533.99
534
534.01
534.02
534.03
534.04
534.05
534.06
534.07
534.08
534.09
534.1
534.11
534.12
534.13
534.14
534.15
534.16
534.17
534.18
534.19
534.2
534.21
534.22
534.23
534.24
534.25
534.26
534.27
534.28
534.29
534.3
534.31
534.32
534.33
534.34
534.35
534.36
534.37
534.38
534.39
534.4
534.41
534.42
534.43
534.44
534.45
534.46
534.47
534.48
534.49
534.5
534.51
534.52
534.53
534.54
534.55
534.56
534.57
534.58
534.59
534.6
534.61
534.62
534.63
534.64
534.65
534.66
534.67
534.68
534.69
534.7
534.71
534.72
534.73
534.74
534.75
534.76
534.77
534.78
534.79
534.8
534.81
534.82
534.83
534.84
534.85
534.86
534.87
534.88
534.89
534.9
534.91
534.92
534.93
534.94
534.95
534.96
534.97
534.98
534.99
535
535.01
535.02
535.03
535.04
535.05
535.06
535.07
535.08
535.09
535.1
535.11
535.12
535.13
535.14
535.15
535.16
535.17
535.18
535.19
535.2
535.21
535.22
535.23
535.24
535.25
535.26
535.27
535.28
535.29
535.3
535.31
535.32
535.33
535.34
535.35
535.36
535.37
535.38
535.39
535.4
535.41
535.42
535.43
535.44
535.45
535.46
535.47
535.48
535.49
535.5
535.51
535.52
535.53
535.54
535.55
535.56
535.57
535.58
535.59
535.6
535.61
535.62
535.63
535.64
535.65
535.66
535.67
535.68
535.69
535.7
535.71
535.72
535.73
535.74
535.75
535.76
535.77
535.78
535.79
535.8
535.81
535.82
535.83
535.84
535.85
535.86
535.87
535.88
535.89
535.9
535.91
535.92
535.93
535.94
535.95
535.96
535.97
535.98
535.99
536
536.01
536.02
536.03
536.04
536.05
536.06
536.07
536.08
536.09
536.1
536.11
536.12
536.13
536.14
536.15
536.16
536.17
536.18
536.19
536.2
536.21
536.22
536.23
536.24
536.25
536.26
536.27
536.28
536.29
536.3
536.31
536.32
536.33
536.34
536.35
536.36
536.37
536.38
536.39
536.4
536.41
536.42
536.43
536.44
536.45
536.46
536.47
536.48
536.49
536.5
536.51
536.52
536.53
536.54
536.55
536.56
536.57
536.58
536.59
536.6
536.61
536.62
536.63
536.64
536.65
536.66
536.67
536.68
536.69
536.7
536.71
536.72
536.73
536.74
536.75
536.76
536.77
536.78
536.79
536.8
536.81
536.82
536.83
536.84
536.85
536.86
536.87
536.88
536.89
536.9
536.91
536.92
536.93
536.94
536.95
536.96
536.97
536.98
536.99
537
537.01
537.02
537.03
537.04
537.05
537.06
537.07
537.08
537.09
537.1
537.11
537.12
537.13
537.14
537.15
537.16
537.17
537.18
537.19
537.2
537.21
537.22
537.23
537.24
537.25
537.26
537.27
537.28
537.29
537.3
537.31
537.32
537.33
537.34
537.35
537.36
537.37
537.38
537.39
537.4
537.41
537.42
537.43
537.44
537.45
537.46
537.47
537.48
537.49
537.5
537.51
537.52
537.53
537.54
537.55
537.56
537.57
537.58
537.59
537.6
537.61
537.62
537.63
537.64
537.65
537.66
537.67
537.68
537.69
537.7
537.71
537.72
537.73
537.74
537.75
537.76
537.77
537.78
537.79
537.8
537.81
537.82
537.83
537.84
537.85
537.86
537.87
537.88
537.89
537.9
537.91
537.92
537.93
537.94
537.95
537.96
537.97
537.98
537.99
538
538.01
538.02
538.03
538.04
538.05
538.06
538.07
538.08
538.09
538.1
538.11
538.12
538.13
538.14
538.15
538.16
538.17
538.18
538.19
538.2
538.21
538.22
538.23
538.24
538.25
538.26
538.27
538.28
538.29
538.3
538.31
538.32
538.33
538.34
538.35
538.36
538.37
538.38
538.39
538.4
538.41
538.42
538.43
538.44
538.45
538.46
538.47
538.48
538.49
538.5
538.51
538.52
538.53
538.54
538.55
538.56
538.57
538.58
538.59
538.6
538.61
538.62
538.63
538.64
538.65
538.66
538.67
538.68
538.69
538.7
538.71
538.72
538.73
538.74
538.75
538.76
538.77
538.78
538.79
538.8
538.81
538.82
538.83
538.84
538.85
538.86
538.87
538.88
538.89
538.9
538.91
538.92
538.93
538.94
538.95
538.96
538.97
538.98
538.99
539
539.01
539.02
539.03
539.04
539.05
539.06
539.07
539.08
539.09
539.1
539.11
539.12
539.13
539.14
539.15
539.16
539.17
539.18
539.19
539.2
539.21
539.22
539.23
539.24
539.25
539.26
539.27
539.28
539.29
539.3
539.31
539.32
539.33
539.34
539.35
539.36
539.37
539.38
539.39
539.4
539.41
539.42
539.43
539.44
539.45
539.46
539.47
539.48
539.49
539.5
539.51
539.52
539.53
539.54
539.55
539.56
539.57
539.58
539.59
539.6
539.61
539.62
539.63
539.64
539.65
539.66
539.67
539.68
539.69
539.7
539.71
539.72
539.73
539.74
539.75
539.76
539.77
539.78
539.79
539.8
539.81
539.82
539.83
539.84
539.85
539.86
539.87
539.88
539.89
539.9
539.91
539.92
539.93
539.94
539.95
539.96
539.97
539.98
539.99
540
540.01
540.02
540.03
540.04
540.05
540.06
540.07
540.08
540.09
540.1
540.11
540.12
540.13
540.14
540.15
540.16
540.17
540.18
540.19
540.2
540.21
540.22
540.23
540.24
540.25
540.26
540.27
540.28
540.29
540.3
540.31
540.32
540.33
540.34
540.35
540.36
540.37
540.38
540.39
540.4
540.41
540.42
540.43
540.44
540.45
540.46
540.47
540.48
540.49
540.5
540.51
540.52
540.53
540.54
540.55
540.56
540.57
540.58
540.59
540.6
540.61
540.62
540.63
540.64
540.65
540.66
540.67
540.68
540.69
540.7
540.71
540.72
540.73
540.74
540.75
540.76
540.77
540.78
540.79
540.8
540.81
540.82
540.83
540.84
540.85
540.86
540.87
540.88
540.89
540.9
540.91
540.92
540.93
540.94
540.95
540.96
540.97
540.98
540.99
541
541.01
541.02
541.03
541.04
541.05
541.06
541.07
541.08
541.09
541.1
541.11
541.12
541.13
541.14
541.15
541.16
541.17
541.18
541.19
541.2
541.21
541.22
541.23
541.24
541.25
541.26
541.27
541.28
541.29
541.3
541.31
541.32
541.33
541.34
541.35
541.36
541.37
541.38
541.39
541.4
541.41
541.42
541.43
541.44
541.45
541.46
541.47
541.48
541.49
541.5
541.51
541.52
541.53
541.54
541.55
541.56
541.57
541.58
541.59
541.6
541.61
541.62
541.63
541.64
541.65
541.66
541.67
541.68
541.69
541.7
541.71
541.72
541.73
541.74
541.75
541.76
541.77
541.78
541.79
541.8
541.81
541.82
541.83
541.84
541.85
541.86
541.87
541.88
541.89
541.9
541.91
541.92
541.93
541.94
541.95
541.96
541.97
541.98
541.99
542
542.01
542.02
542.03
542.04
542.05
542.06
542.07
542.08
542.09
542.1
542.11
542.12
542.13
542.14
542.15
542.16
542.17
542.18
542.19
542.2
542.21
542.22
542.23
542.24
542.25
542.26
542.27
542.28
542.29
542.3
542.31
542.32
542.33
542.34
542.35
542.36
542.37
542.38
542.39
542.4
542.41
542.42
542.43
542.44
542.45
542.46
542.47
542.48
542.49
542.5
542.51
542.52
542.53
542.54
542.55
542.56
542.57
542.58
542.59
542.6
542.61
542.62
542.63
542.64
542.65
542.66
542.67
542.68
542.69
542.7
542.71
542.72
542.73
542.74
542.75
542.76
542.77
542.78
542.79
542.8
542.81
542.82
542.83
542.84
542.85
542.86
542.87
542.88
542.89
542.9
542.91
542.92
542.93
542.94
542.95
542.96
542.97
542.98
542.99
543
543.01
543.02
543.03
543.04
543.05
543.06
543.07
543.08
543.09
543.1
543.11
543.12
543.13
543.14
543.15
543.16
543.17
543.18
543.19
543.2
543.21
543.22
543.23
543.24
543.25
543.26
543.27
543.28
543.29
543.3
543.31
543.32
543.33
543.34
543.35
543.36
543.37
543.38
543.39
543.4
543.41
543.42
543.43
543.44
543.45
543.46
543.47
543.48
543.49
543.5
543.51
543.52
543.53
543.54
543.55
543.56
543.57
543.58
543.59
543.6
543.61
543.62
543.63
543.64
543.65
543.66
543.67
543.68
543.69
543.7
543.71
543.72
543.73
543.74
543.75
543.76
543.77
543.78
543.79
543.8
543.81
543.82
543.83
543.84
543.85
543.86
543.87
543.88
543.89
543.9
543.91
543.92
543.93
543.94
543.95
543.96
543.97
543.98
543.99
544
544.01
544.02
544.03
544.04
544.05
544.06
544.07
544.08
544.09
544.1
544.11
544.12
544.13
544.14
544.15
544.16
544.17
544.18
544.19
544.2
544.21
544.22
544.23
544.24
544.25
544.26
544.27
544.28
544.29
544.3
544.31
544.32
544.33
544.34
544.35
544.36
544.37
544.38
544.39
544.4
544.41
544.42
544.43
544.44
544.45
544.46
544.47
544.48
544.49
544.5
544.51
544.52
544.53
544.54
544.55
544.56
544.57
544.58
544.59
544.6
544.61
544.62
544.63
544.64
544.65
544.66
544.67
544.68
544.69
544.7
544.71
544.72
544.73
544.74
544.75
544.76
544.77
544.78
544.79
544.8
544.81
544.82
544.83
544.84
544.85
544.86
544.87
544.88
544.89
544.9
544.91
544.92
544.93
544.94
544.95
544.96
544.97
544.98
544.99
545
545.01
545.02
545.03
545.04
545.05
545.06
545.07
545.08
545.09
545.1
545.11
545.12
545.13
545.14
545.15
545.16
545.17
545.18
545.19
545.2
545.21
545.22
545.23
545.24
545.25
545.26
545.27
545.28
545.29
545.3
545.31
545.32
545.33
545.34
545.35
545.36
545.37
545.38
545.39
545.4
545.41
545.42
545.43
545.44
545.45
545.46
545.47
545.48
545.49
545.5
545.51
545.52
545.53
545.54
545.55
545.56
545.57
545.58
545.59
545.6
545.61
545.62
545.63
545.64
545.65
545.66
545.67
545.68
545.69
545.7
545.71
545.72
545.73
545.74
545.75
545.76
545.77
545.78
545.79
545.8
545.81
545.82
545.83
545.84
545.85
545.86
545.87
545.88
545.89
545.9
545.91
545.92
545.93
545.94
545.95
545.96
545.97
545.98
545.99
546
546.01
546.02
546.03
546.04
546.05
546.06
546.07
546.08
546.09
546.1
546.11
546.12
546.13
546.14
546.15
546.16
546.17
546.18
546.19
546.2
546.21
546.22
546.23
546.24
546.25
546.26
546.27
546.28
546.29
546.3
546.31
546.32
546.33
546.34
546.35
546.36
546.37
546.38
546.39
546.4
546.41
546.42
546.43
546.44
546.45
546.46
546.47
546.48
546.49
546.5
546.51
546.52
546.53
546.54
546.55
546.56
546.57
546.58
546.59
546.6
546.61
546.62
546.63
546.64
546.65
546.66
546.67
546.68
546.69
546.7
546.71
546.72
546.73
546.74
546.75
546.76
546.77
546.78
546.79
546.8
546.81
546.82
546.83
546.84
546.85
546.86
546.87
546.88
546.89
546.9
546.91
546.92
546.93
546.94
546.95
546.96
546.97
546.98
546.99
547
547.01
547.02
547.03
547.04
547.05
547.06
547.07
547.08
547.09
547.1
547.11
547.12
547.13
547.14
547.15
547.16
547.17
547.18
547.19
547.2
547.21
547.22
547.23
547.24
547.25
547.26
547.27
547.28
547.29
547.3
547.31
547.32
547.33
547.34
547.35
547.36
547.37
547.38
547.39
547.4
547.41
547.42
547.43
547.44
547.45
547.46
547.47
547.48
547.49
547.5
547.51
547.52
547.53
547.54
547.55
547.56
547.57
547.58
547.59
547.6
547.61
547.62
547.63
547.64
547.65
547.66
547.67
547.68
547.69
547.7
547.71
547.72
547.73
547.74
547.75
547.76
547.77
547.78
547.79
547.8
547.81
547.82
547.83
547.84
547.85
547.86
547.87
547.88
547.89
547.9
547.91
547.92
547.93
547.94
547.95
547.96
547.97
547.98
547.99
548
548.01
548.02
548.03
548.04
548.05
548.06
548.07
548.08
548.09
548.1
548.11
548.12
548.13
548.14
548.15
548.16
548.17
548.18
548.19
548.2
548.21
548.22
548.23
548.24
548.25
548.26
548.27
548.28
548.29
548.3
548.31
548.32
548.33
548.34
548.35
548.36
548.37
548.38
548.39
548.4
548.41
548.42
548.43
548.44
548.45
548.46
548.47
548.48
548.49
548.5
548.51
548.52
548.53
548.54
548.55
548.56
548.57
548.58
548.59
548.6
548.61
548.62
548.63
548.64
548.65
548.66
548.67
548.68
548.69
548.7
548.71
548.72
548.73
548.74
548.75
548.76
548.77
548.78
548.79
548.8
548.81
548.82
548.83
548.84
548.85
548.86
548.87
548.88
548.89
548.9
548.91
548.92
548.93
548.94
548.95
548.96
548.97
548.98
548.99
549
549.01
549.02
549.03
549.04
549.05
549.06
549.07
549.08
549.09
549.1
549.11
549.12
549.13
549.14
549.15
549.16
549.17
549.18
549.19
549.2
549.21
549.22
549.23
549.24
549.25
549.26
549.27
549.28
549.29
549.3
549.31
549.32
549.33
549.34
549.35
549.36
549.37
549.38
549.39
549.4
549.41
549.42
549.43
549.44
549.45
549.46
549.47
549.48
549.49
549.5
549.51
549.52
549.53
549.54
549.55
549.56
549.57
549.58
549.59
549.6
549.61
549.62
549.63
549.64
549.65
549.66
549.67
549.68
549.69
549.7
549.71
549.72
549.73
549.74
549.75
549.76
549.77
549.78
549.79
549.8
549.81
549.82
549.83
549.84
549.85
549.86
549.87
549.88
549.89
549.9
549.91
549.92
549.93
549.94
549.95
549.96
549.97
549.98
549.99
550
550.01
550.02
550.03
550.04
550.05
550.06
550.07
550.08
550.09
550.1
550.11
550.12
550.13
550.14
550.15
550.16
550.17
550.18
550.19
550.2
550.21
550.22
550.23
550.24
550.25
550.26
550.27
550.28
550.29
550.3
550.31
550.32
550.33
550.34
550.35
550.36
550.37
550.38
550.39
550.4
550.41
550.42
550.43
550.44
550.45
550.46
550.47
550.48
550.49
550.5
550.51
550.52
550.53
550.54
550.55
550.56
550.57
550.58
550.59
550.6
550.61
550.62
550.63
550.64
550.65
550.66
550.67
550.68
550.69
550.7
550.71
550.72
550.73
550.74
550.75
550.76
550.77
550.78
550.79
550.8
550.81
550.82
550.83
550.84
550.85
550.86
550.87
550.88
550.89
550.9
550.91
550.92
550.93
550.94
550.95
550.96
550.97
550.98
550.99
551
551.01
551.02
551.03
551.04
551.05
551.06
551.07
551.08
551.09
551.1
551.11
551.12
551.13
551.14
551.15
551.16
551.17
551.18
551.19
551.2
551.21
551.22
551.23
551.24
551.25
551.26
551.27
551.28
551.29
551.3
551.31
551.32
551.33
551.34
551.35
551.36
551.37
551.38
551.39
551.4
551.41
551.42
551.43
551.44
551.45
551.46
551.47
551.48
551.49
551.5
551.51
551.52
551.53
551.54
551.55
551.56
551.57
551.58
551.59
551.6
551.61
551.62
551.63
551.64
551.65
551.66
551.67
551.68
551.69
551.7
551.71
551.72
551.73
551.74
551.75
551.76
551.77
551.78
551.79
551.8
551.81
551.82
551.83
551.84
551.85
551.86
551.87
551.88
551.89
551.9
551.91
551.92
551.93
551.94
551.95
551.96
551.97
551.98
551.99
552
552.01
552.02
552.03
552.04
552.05
552.06
552.07
552.08
552.09
552.1
552.11
552.12
552.13
552.14
552.15
552.16
552.17
552.18
552.19
552.2
552.21
552.22
552.23
552.24
552.25
552.26
552.27
552.28
552.29
552.3
552.31
552.32
552.33
552.34
552.35
552.36
552.37
552.38
552.39
552.4
552.41
552.42
552.43
552.44
552.45
552.46
552.47
552.48
552.49
552.5
552.51
552.52
552.53
552.54
552.55
552.56
552.57
552.58
552.59
552.6
552.61
552.62
552.63
552.64
552.65
552.66
552.67
552.68
552.69
552.7
552.71
552.72
552.73
552.74
552.75
552.76
552.77
552.78
552.79
552.8
552.81
552.82
552.83
552.84
552.85
552.86
552.87
552.88
552.89
552.9
552.91
552.92
552.93
552.94
552.95
552.96
552.97
552.98
552.99
553
553.01
553.02
553.03
553.04
553.05
553.06
553.07
553.08
553.09
553.1
553.11
553.12
553.13
553.14
553.15
553.16
553.17
553.18
553.19
553.2
553.21
553.22
553.23
553.24
553.25
553.26
553.27
553.28
553.29
553.3
553.31
553.32
553.33
553.34
553.35
553.36
553.37
553.38
553.39
553.4
553.41
553.42
553.43
553.44
553.45
553.46
553.47
553.48
553.49
553.5
553.51
553.52
553.53
553.54
553.55
553.56
553.57
553.58
553.59
553.6
553.61
553.62
553.63
553.64
553.65
553.66
553.67
553.68
553.69
553.7
553.71
553.72
553.73
553.74
553.75
553.76
553.77
553.78
553.79
553.8
553.81
553.82
553.83
553.84
553.85
553.86
553.87
553.88
553.89
553.9
553.91
553.92
553.93
553.94
553.95
553.96
553.97
553.98
553.99
554
554.01
554.02
554.03
554.04
554.05
554.06
554.07
554.08
554.09
554.1
554.11
554.12
554.13
554.14
554.15
554.16
554.17
554.18
554.19
554.2
554.21
554.22
554.23
554.24
554.25
554.26
554.27
554.28
554.29
554.3
554.31
554.32
554.33
554.34
554.35
554.36
554.37
554.38
554.39
554.4
554.41
554.42
554.43
554.44
554.45
554.46
554.47
554.48
554.49
554.5
554.51
554.52
554.53
554.54
554.55
554.56
554.57
554.58
554.59
554.6
554.61
554.62
554.63
554.64
554.65
554.66
554.67
554.68
554.69
554.7
554.71
554.72
554.73
554.74
554.75
554.76
554.77
554.78
554.79
554.8
554.81
554.82
554.83
554.84
554.85
554.86
554.87
554.88
554.89
554.9
554.91
554.92
554.93
554.94
554.95
554.96
554.97
554.98
554.99
555
555.01
555.02
555.03
555.04
555.05
555.06
555.07
555.08
555.09
555.1
555.11
555.12
555.13
555.14
555.15
555.16
555.17
555.18
555.19
555.2
555.21
555.22
555.23
555.24
555.25
555.26
555.27
555.28
555.29
555.3
555.31
555.32
555.33
555.34
555.35
555.36
555.37
555.38
555.39
555.4
555.41
555.42
555.43
555.44
555.45
555.46
555.47
555.48
555.49
555.5
555.51
555.52
555.53
555.54
555.55
555.56
555.57
555.58
555.59
555.6
555.61
555.62
555.63
555.64
555.65
555.66
555.67
555.68
555.69
555.7
555.71
555.72
555.73
555.74
555.75
555.76
555.77
555.78
555.79
555.8
555.81
555.82
555.83
555.84
555.85
555.86
555.87
555.88
555.89
555.9
555.91
555.92
555.93
555.94
555.95
555.96
555.97
555.98
555.99
556
556.01
556.02
556.03
556.04
556.05
556.06
556.07
556.08
556.09
556.1
556.11
556.12
556.13
556.14
556.15
556.16
556.17
556.18
556.19
556.2
556.21
556.22
556.23
556.24
556.25
556.26
556.27
556.28
556.29
556.3
556.31
556.32
556.33
556.34
556.35
556.36
556.37
556.38
556.39
556.4
556.41
556.42
556.43
556.44
556.45
556.46
556.47
556.48
556.49
556.5
556.51
556.52
556.53
556.54
556.55
556.56
556.57
556.58
556.59
556.6
556.61
556.62
556.63
556.64
556.65
556.66
556.67
556.68
556.69
556.7
556.71
556.72
556.73
556.74
556.75
556.76
556.77
556.78
556.79
556.8
556.81
556.82
556.83
556.84
556.85
556.86
556.87
556.88
556.89
556.9
556.91
556.92
556.93
556.94
556.95
556.96
556.97
556.98
556.99
557
557.01
557.02
557.03
557.04
557.05
557.06
557.07
557.08
557.09
557.1
557.11
557.12
557.13
557.14
557.15
557.16
557.17
557.18
557.19
557.2
557.21
557.22
557.23
557.24
557.25
557.26
557.27
557.28
557.29
557.3
557.31
557.32
557.33
557.34
557.35
557.36
557.37
557.38
557.39
557.4
557.41
557.42
557.43
557.44
557.45
557.46
557.47
557.48
557.49
557.5
557.51
557.52
557.53
557.54
557.55
557.56
557.57
557.58
557.59
557.6
557.61
557.62
557.63
557.64
557.65
557.66
557.67
557.68
557.69
557.7
557.71
557.72
557.73
557.74
557.75
557.76
557.77
557.78
557.79
557.8
557.81
557.82
557.83
557.84
557.85
557.86
557.87
557.88
557.89
557.9
557.91
557.92
557.93
557.94
557.95
557.96
557.97
557.98
557.99
558
558.01
558.02
558.03
558.04
558.05
558.06
558.07
558.08
558.09
558.1
558.11
558.12
558.13
558.14
558.15
558.16
558.17
558.18
558.19
558.2
558.21
558.22
558.23
558.24
558.25
558.26
558.27
558.28
558.29
558.3
558.31
558.32
558.33
558.34
558.35
558.36
558.37
558.38
558.39
558.4
558.41
558.42
558.43
558.44
558.45
558.46
558.47
558.48
558.49
558.5
558.51
558.52
558.53
558.54
558.55
558.56
558.57
558.58
558.59
558.6
558.61
558.62
558.63
558.64
558.65
558.66
558.67
558.68
558.69
558.7
558.71
558.72
558.73
558.74
558.75
558.76
558.77
558.78
558.79
558.8
558.81
558.82
558.83
558.84
558.85
558.86
558.87
558.88
558.89
558.9
558.91
558.92
558.93
558.94
558.95
558.96
558.97
558.98
558.99
559
559.01
559.02
559.03
559.04
559.05
559.06
559.07
559.08
559.09
559.1
559.11
559.12
559.13
559.14
559.15
559.16
559.17
559.18
559.19
559.2
559.21
559.22
559.23
559.24
559.25
559.26
559.27
559.28
559.29
559.3
559.31
559.32
559.33
559.34
559.35
559.36
559.37
559.38
559.39
559.4
559.41
559.42
559.43
559.44
559.45
559.46
559.47
559.48
559.49
559.5
559.51
559.52
559.53
559.54
559.55
559.56
559.57
559.58
559.59
559.6
559.61
559.62
559.63
559.64
559.65
559.66
559.67
559.68
559.69
559.7
559.71
559.72
559.73
559.74
559.75
559.76
559.77
559.78
559.79
559.8
559.81
559.82
559.83
559.84
559.85
559.86
559.87
559.88
559.89
559.9
559.91
559.92
559.93
559.94
559.95
559.96
559.97
559.98
559.99
560
560
560.02
560.03
560.04
560.05
560.06
560.07
560.08
560.09
560.1
560.11
560.12
560.13
560.14
560.15
560.16
560.17
560.18
560.19
560.2
560.21
560.22
560.23
560.24
560.25
560.26
560.27
560.28
560.29
560.3
560.31
560.32
560.33
560.34
560.35
560.36
560.37
560.38
560.39
560.4
560.41
560.42
560.43
560.44
560.45
560.46
560.47
560.48
560.49
560.5
560.51
560.52
560.53
560.54
560.55
560.56
560.57
560.58
560.59
560.6
560.61
560.62
560.63
560.64
560.65
560.66
560.67
560.68
560.69
560.7
560.71
560.72
560.73
560.74
560.75
560.76
560.77
560.78
560.79
560.8
560.81
560.82
560.83
560.84
560.85
560.86
560.87
560.88
560.89
560.9
560.91
560.92
560.93
560.94
560.95
560.96
560.97
560.98
560.99
561
561.01
561.02
561.03
561.04
561.05
561.06
561.07
561.08
561.09
561.1
561.11
561.12
561.13
561.14
561.15
561.16
561.17
561.18
561.19
561.2
561.21
561.22
561.23
561.24
561.25
561.26
561.27
561.28
561.29
561.3
561.31
561.32
561.33
561.34
561.35
561.36
561.37
561.38
561.39
561.4
561.41
561.42
561.43
561.44
561.45
561.46
561.47
561.48
561.49
561.5
561.51
561.52
561.53
561.54
561.55
561.56
561.57
561.58
561.59
561.6
561.61
561.62
561.63
561.64
561.65
561.66
561.67
561.68
561.69
561.7
561.71
561.72
561.73
561.74
561.75
561.76
561.77
561.78
561.79
561.8
561.81
561.82
561.83
561.84
561.85
561.86
561.87
561.88
561.89
561.9
561.91
561.92
561.93
561.94
561.95
561.96
561.97
561.98
561.99
562
562.01
562.02
562.03
562.04
562.05
562.06
562.07
562.08
562.09
562.1
562.11
562.12
562.13
562.14
562.15
562.16
562.17
562.18
562.19
562.2
562.21
562.22
562.23
562.24
562.25
562.26
562.27
562.28
562.29
562.3
562.31
562.32
562.33
562.34
562.35
562.36
562.37
562.38
562.39
562.4
562.41
562.42
562.43
562.44
562.45
562.46
562.47
562.48
562.49
562.5
562.51
562.52
562.53
562.54
562.55
562.56
562.57
562.58
562.59
562.6
562.61
562.62
562.63
562.64
562.65
562.66
562.67
562.68
562.69
562.7
562.71
562.72
562.73
562.74
562.75
562.76
562.77
562.78
562.79
562.8
562.81
562.82
562.83
562.84
562.85
562.86
562.87
562.88
562.89
562.9
562.91
562.92
562.93
562.94
562.95
562.96
562.97
562.98
562.99
563
563.01
563.02
563.03
563.04
563.05
563.06
563.07
563.08
563.09
563.1
563.11
563.12
563.13
563.14
563.15
563.16
563.17
563.18
563.19
563.2
563.21
563.22
563.23
563.24
563.25
563.26
563.27
563.28
563.29
563.3
563.31
563.32
563.33
563.34
563.35
563.36
563.37
563.38
563.39
563.4
563.41
563.42
563.43
563.44
563.45
563.46
563.47
563.48
563.49
563.5
563.51
563.52
563.53
563.54
563.55
563.56
563.57
563.58
563.59
563.6
563.61
563.62
563.63
563.64
563.65
563.66
563.67
563.68
563.69
563.7
563.71
563.72
563.73
563.74
563.75
563.76
563.77
563.78
563.79
563.8
563.81
563.82
563.83
563.84
563.85
563.86
563.87
563.88
563.89
563.9
563.91
563.92
563.93
563.94
563.95
563.96
563.97
563.98
563.99
564
564.01
564.02
564.03
564.04
564.05
564.06
564.07
564.08
564.09
564.1
564.11
564.12
564.13
564.14
564.15
564.16
564.17
564.18
564.19
564.2
564.21
564.22
564.23
564.24
564.25
564.26
564.27
564.28
564.29
564.3
564.31
564.32
564.33
564.34
564.35
564.36
564.37
564.38
564.39
564.4
564.41
564.42
564.43
564.44
564.45
564.46
564.47
564.48
564.49
564.5
564.51
564.52
564.53
564.54
564.55
564.56
564.57
564.58
564.59
564.6
564.61
564.62
564.63
564.64
564.65
564.66
564.67
564.68
564.69
564.7
564.71
564.72
564.73
564.74
564.75
564.76
564.77
564.78
564.79
564.8
564.81
564.82
564.83
564.84
564.85
564.86
564.87
564.88
564.89
564.9
564.91
564.92
564.93
564.94
564.95
564.96
564.97
564.98
564.99
565
565.01
565.02
565.03
565.04
565.05
565.06
565.07
565.08
565.09
565.1
565.11
565.12
565.13
565.14
565.15
565.16
565.17
565.18
565.19
565.2
565.21
565.22
565.23
565.24
565.25
565.26
565.27
565.28
565.29
565.3
565.31
565.32
565.33
565.34
565.35
565.36
565.37
565.38
565.39
565.4
565.41
565.42
565.43
565.44
565.45
565.46
565.47
565.48
565.49
565.5
565.51
565.52
565.53
565.54
565.55
565.56
565.57
565.58
565.59
565.6
565.61
565.62
565.63
565.64
565.65
565.66
565.67
565.68
565.69
565.7
565.71
565.72
565.73
565.74
565.75
565.76
565.77
565.78
565.79
565.8
565.81
565.82
565.83
565.84
565.85
565.86
565.87
565.88
565.89
565.9
565.91
565.92
565.93
565.94
565.95
565.96
565.97
565.98
565.99
566
566.01
566.02
566.03
566.04
566.05
566.06
566.07
566.08
566.09
566.1
566.11
566.12
566.13
566.14
566.15
566.16
566.17
566.18
566.19
566.2
566.21
566.22
566.23
566.24
566.25
566.26
566.27
566.28
566.29
566.3
566.31
566.32
566.33
566.34
566.35
566.36
566.37
566.38
566.39
566.4
566.41
566.42
566.43
566.44
566.45
566.46
566.47
566.48
566.49
566.5
566.51
566.52
566.53
566.54
566.55
566.56
566.57
566.58
566.59
566.6
566.61
566.62
566.63
566.64
566.65
566.66
566.67
566.68
566.69
566.7
566.71
566.72
566.73
566.74
566.75
566.76
566.77
566.78
566.79
566.8
566.81
566.82
566.83
566.84
566.85
566.86
566.87
566.88
566.89
566.9
566.91
566.92
566.93
566.94
566.95
566.96
566.97
566.98
566.99
567
567.01
567.02
567.03
567.04
567.05
567.06
567.07
567.08
567.09
567.1
567.11
567.12
567.13
567.14
567.15
567.16
567.17
567.18
567.19
567.2
567.21
567.22
567.23
567.24
567.25
567.26
567.27
567.28
567.29
567.3
567.31
567.32
567.33
567.34
567.35
567.36
567.37
567.38
567.39
567.4
567.41
567.42
567.43
567.44
567.45
567.46
567.47
567.48
567.49
567.5
567.51
567.52
567.53
567.54
567.55
567.56
567.57
567.58
567.59
567.6
567.61
567.62
567.63
567.64
567.65
567.66
567.67
567.68
567.69
567.7
567.71
567.72
567.73
567.74
567.75
567.76
567.77
567.78
567.79
567.8
567.81
567.82
567.83
567.84
567.85
567.86
567.87
567.88
567.89
567.9
567.91
567.92
567.93
567.94
567.95
567.96
567.97
567.98
567.99
568
568.01
568.02
568.03
568.04
568.05
568.06
568.07
568.08
568.09
568.1
568.11
568.12
568.13
568.14
568.15
568.16
568.17
568.18
568.19
568.2
568.21
568.22
568.23
568.24
568.25
568.26
568.27
568.28
568.29
568.3
568.31
568.32
568.33
568.34
568.35
568.36
568.37
568.38
568.39
568.4
568.41
568.42
568.43
568.44
568.45
568.46
568.47
568.48
568.49
568.5
568.51
568.52
568.53
568.54
568.55
568.56
568.57
568.58
568.59
568.6
568.61
568.62
568.63
568.64
568.65
568.66
568.67
568.68
568.69
568.7
568.71
568.72
568.73
568.74
568.75
568.76
568.77
568.78
568.79
568.8
568.81
568.82
568.83
568.84
568.85
568.86
568.87
568.88
568.89
568.9
568.91
568.92
568.93
568.94
568.95
568.96
568.97
568.98
568.99
569
569.01
569.02
569.03
569.04
569.05
569.06
569.07
569.08
569.09
569.1
569.11
569.12
569.13
569.14
569.15
569.16
569.17
569.18
569.19
569.2
569.21
569.22
569.23
569.24
569.25
569.26
569.27
569.28
569.29
569.3
569.31
569.32
569.33
569.34
569.35
569.36
569.37
569.38
569.39
569.4
569.41
569.42
569.43
569.44
569.45
569.46
569.47
569.48
569.49
569.5
569.51
569.52
569.53
569.54
569.55
569.56
569.57
569.58
569.59
569.6
569.61
569.62
569.63
569.64
569.65
569.66
569.67
569.68
569.69
569.7
569.71
569.72
569.73
569.74
569.75
569.76
569.77
569.78
569.79
569.8
569.81
569.82
569.83
569.84
569.85
569.86
569.87
569.88
569.89
569.9
569.91
569.92
569.93
569.94
569.95
569.96
569.97
569.98
569.99
570
570.01
570.02
570.03
570.04
570.05
570.06
570.07
570.08
570.09
570.1
570.11
570.12
570.13
570.14
570.15
570.16
570.17
570.18
570.19
570.2
570.21
570.22
570.23
570.24
570.25
570.26
570.27
570.28
570.29
570.3
570.31
570.32
570.33
570.34
570.35
570.36
570.37
570.38
570.39
570.4
570.41
570.42
570.43
570.44
570.45
570.46
570.47
570.48
570.49
570.5
570.51
570.52
570.53
570.54
570.55
570.56
570.57
570.58
570.59
570.6
570.61
570.62
570.63
570.64
570.65
570.66
570.67
570.68
570.69
570.7
570.71
570.72
570.73
570.74
570.75
570.76
570.77
570.78
570.79
570.8
570.81
570.82
570.83
570.84
570.85
570.86
570.87
570.88
570.89
570.9
570.91
570.92
570.93
570.94
570.95
570.96
570.97
570.98
570.99
571
571.01
571.02
571.03
571.04
571.05
571.06
571.07
571.08
571.09
571.1
571.11
571.12
571.13
571.14
571.15
571.16
571.17
571.18
571.19
571.2
571.21
571.22
571.23
571.24
571.25
571.26
571.27
571.28
571.29
571.3
571.31
571.32
571.33
571.34
571.35
571.36
571.37
571.38
571.39
571.4
571.41
571.42
571.43
571.44
571.45
571.46
571.47
571.48
571.49
571.5
571.51
571.52
571.53
571.54
571.55
571.56
571.57
571.58
571.59
571.6
571.61
571.62
571.63
571.64
571.65
571.66
571.67
571.68
571.69
571.7
571.71
571.72
571.73
571.74
571.75
571.76
571.77
571.78
571.79
571.8
571.81
571.82
571.83
571.84
571.85
571.86
571.87
571.88
571.89
571.9
571.91
571.92
571.93
571.94
571.95
571.96
571.97
571.98
571.99
572
572.01
572.02
572.03
572.04
572.05
572.06
572.07
572.08
572.09
572.1
572.11
572.12
572.13
572.14
572.15
572.16
572.17
572.18
572.19
572.2
572.21
572.22
572.23
572.24
572.25
572.26
572.27
572.28
572.29
572.3
572.31
572.32
572.33
572.34
572.35
572.36
572.37
572.38
572.39
572.4
572.41
572.42
572.43
572.44
572.45
572.46
572.47
572.48
572.49
572.5
572.51
572.52
572.53
572.54
572.55
572.56
572.57
572.58
572.59
572.6
572.61
572.62
572.63
572.64
572.65
572.66
572.67
572.68
572.69
572.7
572.71
572.72
572.73
572.74
572.75
572.76
572.77
572.78
572.79
572.8
572.81
572.82
572.83
572.84
572.85
572.86
572.87
572.88
572.89
572.9
572.91
572.92
572.93
572.94
572.95
572.96
572.97
572.98
572.99
573
573.01
573.02
573.03
573.04
573.05
573.06
573.07
573.08
573.09
573.1
573.11
573.12
573.13
573.14
573.15
573.16
573.17
573.18
573.19
573.2
573.21
573.22
573.23
573.24
573.25
573.26
573.27
573.28
573.29
573.3
573.31
573.32
573.33
573.34
573.35
573.36
573.37
573.38
573.39
573.4
573.41
573.42
573.43
573.44
573.45
573.46
573.47
573.48
573.49
573.5
573.51
573.52
573.53
573.54
573.55
573.56
573.57
573.58
573.59
573.6
573.61
573.62
573.63
573.64
573.65
573.66
573.67
573.68
573.69
573.7
573.71
573.72
573.73
573.74
573.75
573.76
573.77
573.78
573.79
573.8
573.81
573.82
573.83
573.84
573.85
573.86
573.87
573.88
573.89
573.9
573.91
573.92
573.93
573.94
573.95
573.96
573.97
573.98
573.99
574
574.01
574.02
574.03
574.04
574.05
574.06
574.07
574.08
574.09
574.1
574.11
574.12
574.13
574.14
574.15
574.16
574.17
574.18
574.19
574.2
574.21
574.22
574.23
574.24
574.25
574.26
574.27
574.28
574.29
574.3
574.31
574.32
574.33
574.34
574.35
574.36
574.37
574.38
574.39
574.4
574.41
574.42
574.43
574.44
574.45
574.46
574.47
574.48
574.49
574.5
574.51
574.52
574.53
574.54
574.55
574.56
574.57
574.58
574.59
574.6
574.61
574.62
574.63
574.64
574.65
574.66
574.67
574.68
574.69
574.7
574.71
574.72
574.73
574.74
574.75
574.76
574.77
574.78
574.79
574.8
574.81
574.82
574.83
574.84
574.85
574.86
574.87
574.88
574.89
574.9
574.91
574.92
574.93
574.94
574.95
574.96
574.97
574.98
574.99
575
575
575.02
575.03
575.04
575.05
575.06
575.07
575.08
575.09
575.1
575.11
575.12
575.13
575.14
575.15
575.16
575.17
575.18
575.19
575.2
575.21
575.22
575.23
575.24
575.25
575.26
575.27
575.28
575.29
575.3
575.31
575.32
575.33
575.34
575.35
575.36
575.37
575.38
575.39
575.4
575.41
575.42
575.43
575.44
575.45
575.46
575.47
575.48
575.49
575.5
575.51
575.52
575.53
575.54
575.55
575.56
575.57
575.58
575.59
575.6
575.61
575.62
575.63
575.64
575.65
575.66
575.67
575.68
575.69
575.7
575.71
575.72
575.73
575.74
575.75
575.76
575.77
575.78
575.79
575.8
575.81
575.82
575.83
575.84
575.85
575.86
575.87
575.88
575.89
575.9
575.91
575.92
575.93
575.94
575.95
575.96
575.97
575.98
575.99
576
576.01
576.02
576.03
576.04
576.05
576.06
576.07
576.08
576.09
576.1
576.11
576.12
576.13
576.14
576.15
576.16
576.17
576.18
576.19
576.2
576.21
576.22
576.23
576.24
576.25
576.26
576.27
576.28
576.29
576.3
576.31
576.32
576.33
576.34
576.35
576.36
576.37
576.38
576.39
576.4
576.41
576.42
576.43
576.44
576.45
576.46
576.47
576.48
576.49
576.5
576.51
576.52
576.53
576.54
576.55
576.56
576.57
576.58
576.59
576.6
576.61
576.62
576.63
576.64
576.65
576.66
576.67
576.68
576.69
576.7
576.71
576.72
576.73
576.74
576.75
576.76
576.77
576.78
576.79
576.8
576.81
576.82
576.83
576.84
576.85
576.86
576.87
576.88
576.89
576.9
576.91
576.92
576.93
576.94
576.95
576.96
576.97
576.98
576.99
577
577.01
577.02
577.03
577.04
577.05
577.06
577.07
577.08
577.09
577.1
577.11
577.12
577.13
577.14
577.15
577.16
577.17
577.18
577.19
577.2
577.21
577.22
577.23
577.24
577.25
577.26
577.27
577.28
577.29
577.3
577.31
577.32
577.33
577.34
577.35
577.36
577.37
577.38
577.39
577.4
577.41
577.42
577.43
577.44
577.45
577.46
577.47
577.48
577.49
577.5
577.51
577.52
577.53
577.54
577.55
577.56
577.57
577.58
577.59
577.6
577.61
577.62
577.63
577.64
577.65
577.66
577.67
577.68
577.69
577.7
577.71
577.72
577.73
577.74
577.75
577.76
577.77
577.78
577.79
577.8
577.81
577.82
577.83
577.84
577.85
577.86
577.87
577.88
577.89
577.9
577.91
577.92
577.93
577.94
577.95
577.96
577.97
577.98
577.99
578
578.01
578.02
578.03
578.04
578.05
578.06
578.07
578.08
578.09
578.1
578.11
578.12
578.13
578.14
578.15
578.16
578.17
578.18
578.19
578.2
578.21
578.22
578.23
578.24
578.25
578.26
578.27
578.28
578.29
578.3
578.31
578.32
578.33
578.34
578.35
578.36
578.37
578.38
578.39
578.4
578.41
578.42
578.43
578.44
578.45
578.46
578.47
578.48
578.49
578.5
578.51
578.52
578.53
578.54
578.55
578.56
578.57
578.58
578.59
578.6
578.61
578.62
578.63
578.64
578.65
578.66
578.67
578.68
578.69
578.7
578.71
578.72
578.73
578.74
578.75
578.76
578.77
578.78
578.79
578.8
578.81
578.82
578.83
578.84
578.85
578.86
578.87
578.88
578.89
578.9
578.91
578.92
578.93
578.94
578.95
578.96
578.97
578.98
578.99
579
579.01
579.02
579.03
579.04
579.05
579.06
579.07
579.08
579.09
579.1
579.11
579.12
579.13
579.14
579.15
579.16
579.17
579.18
579.19
579.2
579.21
579.22
579.23
579.24
579.25
579.26
579.27
579.28
579.29
579.3
579.31
579.32
579.33
579.34
579.35
579.36
579.37
579.38
579.39
579.4
579.41
579.42
579.43
579.44
579.45
579.46
579.47
579.48
579.49
579.5
579.51
579.52
579.53
579.54
579.55
579.56
579.57
579.58
579.59
579.6
579.61
579.62
579.63
579.64
579.65
579.66
579.67
579.68
579.69
579.7
579.71
579.72
579.73
579.74
579.75
579.76
579.77
579.78
579.79
579.8
579.81
579.82
579.83
579.84
579.85
579.86
579.87
579.88
579.89
579.9
579.91
579.92
579.93
579.94
579.95
579.96
579.97
579.98
579.99
580
580
580.02
580.03
580.04
580.05
580.06
580.07
580.08
580.09
580.1
580.11
580.12
580.13
580.14
580.15
580.16
580.17
580.18
580.19
580.2
580.21
580.22
580.23
580.24
580.25
580.26
580.27
580.28
580.29
580.3
580.31
580.32
580.33
580.34
580.35
580.36
580.37
580.38
580.39
580.4
580.41
580.42
580.43
580.44
580.45
580.46
580.47
580.48
580.49
580.5
580.51
580.52
580.53
580.54
580.55
580.56
580.57
580.58
580.59
580.6
580.61
580.62
580.63
580.64
580.65
580.66
580.67
580.68
580.69
580.7
580.71
580.72
580.73
580.74
580.75
580.76
580.77
580.78
580.79
580.8
580.81
580.82
580.83
580.84
580.85
580.86
580.87
580.88
580.89
580.9
580.91
580.92
580.93
580.94
580.95
580.96
580.97
580.98
580.99
581
581.01
581.02
581.03
581.04
581.05
581.06
581.07
581.08
581.09
581.1
581.11
581.12
581.13
581.14
581.15
581.16
581.17
581.18
581.19
581.2
581.21
581.22
581.23
581.24
581.25
581.26
581.27
581.28
581.29
581.3
581.31
581.32
581.33
581.34
581.35
581.36
581.37
581.38
581.39
581.4
581.41
581.42
581.43
581.44
581.45
581.46
581.47
581.48
581.49
581.5
581.51
581.52
581.53
581.54
581.55
581.56
581.57
581.58
581.59
581.6
581.61
581.62
581.63
581.64
581.65
581.66
581.67
581.68
581.69
581.7
581.71
581.72
581.73
581.74
581.75
581.76
581.77
581.78
581.79
581.8
581.81
581.82
581.83
581.84
581.85
581.86
581.87
581.88
581.89
581.9
581.91
581.92
581.93
581.94
581.95
581.96
581.97
581.98
581.99
582
582.01
582.02
582.03
582.04
582.05
582.06
582.07
582.08
582.09
582.1
582.11
582.12
582.13
582.14
582.15
582.16
582.17
582.18
582.19
582.2
582.21
582.22
582.23
582.24
582.25
582.26
582.27
582.28
582.29
582.3
582.31
582.32
582.33
582.34
582.35
582.36
582.37
582.38
582.39
582.4
582.41
582.42
582.43
582.44
582.45
582.46
582.47
582.48
582.49
582.5
582.51
582.52
582.53
582.54
582.55
582.56
582.57
582.58
582.59
582.6
582.61
582.62
582.63
582.64
582.65
582.66
582.67
582.68
582.69
582.7
582.71
582.72
582.73
582.74
582.75
582.76
582.77
582.78
582.79
582.8
582.81
582.82
582.83
582.84
582.85
582.86
582.87
582.88
582.89
582.9
582.91
582.92
582.93
582.94
582.95
582.96
582.97
582.98
582.99
583
583.01
583.02
583.03
583.04
583.05
583.06
583.07
583.08
583.09
583.1
583.11
583.12
583.13
583.14
583.15
583.16
583.17
583.18
583.19
583.2
583.21
583.22
583.23
583.24
583.25
583.26
583.27
583.28
583.29
583.3
583.31
583.32
583.33
583.34
583.35
583.36
583.37
583.38
583.39
583.4
583.41
583.42
583.43
583.44
583.45
583.46
583.47
583.48
583.49
583.5
583.51
583.52
583.53
583.54
583.55
583.56
583.57
583.58
583.59
583.6
583.61
583.62
583.63
583.64
583.65
583.66
583.67
583.68
583.69
583.7
583.71
583.72
583.73
583.74
583.75
583.76
583.77
583.78
583.79
583.8
583.81
583.82
583.83
583.84
583.85
583.86
583.87
583.88
583.89
583.9
583.91
583.92
583.93
583.94
583.95
583.96
583.97
583.98
583.99
584
584.01
584.02
584.03
584.04
584.05
584.06
584.07
584.08
584.09
584.1
584.11
584.12
584.13
584.14
584.15
584.16
584.17
584.18
584.19
584.2
584.21
584.22
584.23
584.24
584.25
584.26
584.27
584.28
584.29
584.3
584.31
584.32
584.33
584.34
584.35
584.36
584.37
584.38
584.39
584.4
584.41
584.42
584.43
584.44
584.45
584.46
584.47
584.48
584.49
584.5
584.51
584.52
584.53
584.54
584.55
584.56
584.57
584.58
584.59
584.6
584.61
584.62
584.63
584.64
584.65
584.66
584.67
584.68
584.69
584.7
584.71
584.72
584.73
584.74
584.75
584.76
584.77
584.78
584.79
584.8
584.81
584.82
584.83
584.84
584.85
584.86
584.87
584.88
584.89
584.9
584.91
584.92
584.93
584.94
584.95
584.96
584.97
584.98
584.99
585
585
585.02
585.03
585.04
585.05
585.06
585.07
585.08
585.09
585.1
585.11
585.12
585.13
585.14
585.15
585.16
585.17
585.18
585.19
585.2
585.21
585.22
585.23
585.24
585.25
585.26
585.27
585.28
585.29
585.3
585.31
585.32
585.33
585.34
585.35
585.36
585.37
585.38
585.39
585.4
585.41
585.42
585.43
585.44
585.45
585.46
585.47
585.48
585.49
585.5
585.51
585.52
585.53
585.54
585.55
585.56
585.57
585.58
585.59
585.6
585.61
585.62
585.63
585.64
585.65
585.66
585.67
585.68
585.69
585.7
585.71
585.72
585.73
585.74
585.75
585.76
585.77
585.78
585.79
585.8
585.81
585.82
585.83
585.84
585.85
585.86
585.87
585.88
585.89
585.9
585.91
585.92
585.93
585.94
585.95
585.96
585.97
585.98
585.99
586
586.01
586.02
586.03
586.04
586.05
586.06
586.07
586.08
586.09
586.1
586.11
586.12
586.13
586.14
586.15
586.16
586.17
586.18
586.19
586.2
586.21
586.22
586.23
586.24
586.25
586.26
586.27
586.28
586.29
586.3
586.31
586.32
586.33
586.34
586.35
586.36
586.37
586.38
586.39
586.4
586.41
586.42
586.43
586.44
586.45
586.46
586.47
586.48
586.49
586.5
586.51
586.52
586.53
586.54
586.55
586.56
586.57
586.58
586.59
586.6
586.61
586.62
586.63
586.64
586.65
586.66
586.67
586.68
586.69
586.7
586.71
586.72
586.73
586.74
586.75
586.76
586.77
586.78
586.79
586.8
586.81
586.82
586.83
586.84
586.85
586.86
586.87
586.88
586.89
586.9
586.91
586.92
586.93
586.94
586.95
586.96
586.97
586.98
586.99
587
587.01
587.02
587.03
587.04
587.05
587.06
587.07
587.08
587.09
587.1
587.11
587.12
587.13
587.14
587.15
587.16
587.17
587.18
587.19
587.2
587.21
587.22
587.23
587.24
587.25
587.26
587.27
587.28
587.29
587.3
587.31
587.32
587.33
587.34
587.35
587.36
587.37
587.38
587.39
587.4
587.41
587.42
587.43
587.44
587.45
587.46
587.47
587.48
587.49
587.5
587.51
587.52
587.53
587.54
587.55
587.56
587.57
587.58
587.59
587.6
587.61
587.62
587.63
587.64
587.65
587.66
587.67
587.68
587.69
587.7
587.71
587.72
587.73
587.74
587.75
587.76
587.77
587.78
587.79
587.8
587.81
587.82
587.83
587.84
587.85
587.86
587.87
587.88
587.89
587.9
587.91
587.92
587.93
587.94
587.95
587.96
587.97
587.98
587.99
588
588.01
588.02
588.03
588.04
588.05
588.06
588.07
588.08
588.09
588.1
588.11
588.12
588.13
588.14
588.15
588.16
588.17
588.18
588.19
588.2
588.21
588.22
588.23
588.24
588.25
588.26
588.27
588.28
588.29
588.3
588.31
588.32
588.33
588.34
588.35
588.36
588.37
588.38
588.39
588.4
588.41
588.42
588.43
588.44
588.45
588.46
588.47
588.48
588.49
588.5
588.51
588.52
588.53
588.54
588.55
588.56
588.57
588.58
588.59
588.6
588.61
588.62
588.63
588.64
588.65
588.66
588.67
588.68
588.69
588.7
588.71
588.72
588.73
588.74
588.75
588.76
588.77
588.78
588.79
588.8
588.81
588.82
588.83
588.84
588.85
588.86
588.87
588.88
588.89
588.9
588.91
588.92
588.93
588.94
588.95
588.96
588.97
588.98
588.99
589
589.01
589.02
589.03
589.04
589.05
589.06
589.07
589.08
589.09
589.1
589.11
589.12
589.13
589.14
589.15
589.16
589.17
589.18
589.19
589.2
589.21
589.22
589.23
589.24
589.25
589.26
589.27
589.28
589.29
589.3
589.31
589.32
589.33
589.34
589.35
589.36
589.37
589.38
589.39
589.4
589.41
589.42
589.43
589.44
589.45
589.46
589.47
589.48
589.49
589.5
589.51
589.52
589.53
589.54
589.55
589.56
589.57
589.58
589.59
589.6
589.61
589.62
589.63
589.64
589.65
589.66
589.67
589.68
589.69
589.7
589.71
589.72
589.73
589.74
589.75
589.76
589.77
589.78
589.79
589.8
589.81
589.82
589.83
589.84
589.85
589.86
589.87
589.88
589.89
589.9
589.91
589.92
589.93
589.94
589.95
589.96
589.97
589.98
589.99
590
590.01
590.02
590.03
590.04
590.05
590.06
590.07
590.08
590.09
590.1
590.11
590.12
590.13
590.14
590.15
590.16
590.17
590.18
590.19
590.2
590.21
590.22
590.23
590.24
590.25
590.26
590.27
590.28
590.29
590.3
590.31
590.32
590.33
590.34
590.35
590.36
590.37
590.38
590.39
590.4
590.41
590.42
590.43
590.44
590.45
590.46
590.47
590.48
590.49
590.5
590.51
590.52
590.53
590.54
590.55
590.56
590.57
590.58
590.59
590.6
590.61
590.62
590.63
590.64
590.65
590.66
590.67
590.68
590.69
590.7
590.71
590.72
590.73
590.74
590.75
590.76
590.77
590.78
590.79
590.8
590.81
590.82
590.83
590.84
590.85
590.86
590.87
590.88
590.89
590.9
590.91
590.92
590.93
590.94
590.95
590.96
590.97
590.98
590.99
591
591.01
591.02
591.03
591.04
591.05
591.06
591.07
591.08
591.09
591.1
591.11
591.12
591.13
591.14
591.15
591.16
591.17
591.18
591.19
591.2
591.21
591.22
591.23
591.24
591.25
591.26
591.27
591.28
591.29
591.3
591.31
591.32
591.33
591.34
591.35
591.36
591.37
591.38
591.39
591.4
591.41
591.42
591.43
591.44
591.45
591.46
591.47
591.48
591.49
591.5
591.51
591.52
591.53
591.54
591.55
591.56
591.57
591.58
591.59
591.6
591.61
591.62
591.63
591.64
591.65
591.66
591.67
591.68
591.69
591.7
591.71
591.72
591.73
591.74
591.75
591.76
591.77
591.78
591.79
591.8
591.81
591.82
591.83
591.84
591.85
591.86
591.87
591.88
591.89
591.9
591.91
591.92
591.93
591.94
591.95
591.96
591.97
591.98
591.99
592
592.01
592.02
592.03
592.04
592.05
592.06
592.07
592.08
592.09
592.1
592.11
592.12
592.13
592.14
592.15
592.16
592.17
592.18
592.19
592.2
592.21
592.22
592.23
592.24
592.25
592.26
592.27
592.28
592.29
592.3
592.31
592.32
592.33
592.34
592.35
592.36
592.37
592.38
592.39
592.4
592.41
592.42
592.43
592.44
592.45
592.46
592.47
592.48
592.49
592.5
592.51
592.52
592.53
592.54
592.55
592.56
592.57
592.58
592.59
592.6
592.61
592.62
592.63
592.64
592.65
592.66
592.67
592.68
592.69
592.7
592.71
592.72
592.73
592.74
592.75
592.76
592.77
592.78
592.79
592.8
592.81
592.82
592.83
592.84
592.85
592.86
592.87
592.88
592.89
592.9
592.91
592.92
592.93
592.94
592.95
592.96
592.97
592.98
592.99
593
593.01
593.02
593.03
593.04
593.05
593.06
593.07
593.08
593.09
593.1
593.11
593.12
593.13
593.14
593.15
593.16
593.17
593.18
593.19
593.2
593.21
593.22
593.23
593.24
593.25
593.26
593.27
593.28
593.29
593.3
593.31
593.32
593.33
593.34
593.35
593.36
593.37
593.38
593.39
593.4
593.41
593.42
593.43
593.44
593.45
593.46
593.47
593.48
593.49
593.5
593.51
593.52
593.53
593.54
593.55
593.56
593.57
593.58
593.59
593.6
593.61
593.62
593.63
593.64
593.65
593.66
593.67
593.68
593.69
593.7
593.71
593.72
593.73
593.74
593.75
593.76
593.77
593.78
593.79
593.8
593.81
593.82
593.83
593.84
593.85
593.86
593.87
593.88
593.89
593.9
593.91
593.92
593.93
593.94
593.95
593.96
593.97
593.98
593.99
594
594.01
594.02
594.03
594.04
594.05
594.06
594.07
594.08
594.09
594.1
594.11
594.12
594.13
594.14
594.15
594.16
594.17
594.18
594.19
594.2
594.21
594.22
594.23
594.24
594.25
594.26
594.27
594.28
594.29
594.3
594.31
594.32
594.33
594.34
594.35
594.36
594.37
594.38
594.39
594.4
594.41
594.42
594.43
594.44
594.45
594.46
594.47
594.48
594.49
594.5
594.51
594.52
594.53
594.54
594.55
594.56
594.57
594.58
594.59
594.6
594.61
594.62
594.63
594.64
594.65
594.66
594.67
594.68
594.69
594.7
594.71
594.72
594.73
594.74
594.75
594.76
594.77
594.78
594.79
594.8
594.81
594.82
594.83
594.84
594.85
594.86
594.87
594.88
594.89
594.9
594.91
594.92
594.93
594.94
594.95
594.96
594.97
594.98
594.99
595
595
595.02
595.03
595.04
595.05
595.06
595.07
595.08
595.09
595.1
595.11
595.12
595.13
595.14
595.15
595.16
595.17
595.18
595.19
595.2
595.21
595.22
595.23
595.24
595.25
595.26
595.27
595.28
595.29
595.3
595.31
595.32
595.33
595.34
595.35
595.36
595.37
595.38
595.39
595.4
595.41
595.42
595.43
595.44
595.45
595.46
595.47
595.48
595.49
595.5
595.51
595.52
595.53
595.54
595.55
595.56
595.57
595.58
595.59
595.6
595.61
595.62
595.63
595.64
595.65
595.66
595.67
595.68
595.69
595.7
595.71
595.72
595.73
595.74
595.75
595.76
595.77
595.78
595.79
595.8
595.81
595.82
595.83
595.84
595.85
595.86
595.87
595.88
595.89
595.9
595.91
595.92
595.93
595.94
595.95
595.96
595.97
595.98
595.99
596
596.01
596.02
596.03
596.04
596.05
596.06
596.07
596.08
596.09
596.1
596.11
596.12
596.13
596.14
596.15
596.16
596.17
596.18
596.19
596.2
596.21
596.22
596.23
596.24
596.25
596.26
596.27
596.28
596.29
596.3
596.31
596.32
596.33
596.34
596.35
596.36
596.37
596.38
596.39
596.4
596.41
596.42
596.43
596.44
596.45
596.46
596.47
596.48
596.49
596.5
596.51
596.52
596.53
596.54
596.55
596.56
596.57
596.58
596.59
596.6
596.61
596.62
596.63
596.64
596.65
596.66
596.67
596.68
596.69
596.7
596.71
596.72
596.73
596.74
596.75
596.76
596.77
596.78
596.79
596.8
596.81
596.82
596.83
596.84
596.85
596.86
596.87
596.88
596.89
596.9
596.91
596.92
596.93
596.94
596.95
596.96
596.97
596.98
596.99
597
597.01
597.02
597.03
597.04
597.05
597.06
597.07
597.08
597.09
597.1
597.11
597.12
597.13
597.14
597.15
597.16
597.17
597.18
597.19
597.2
597.21
597.22
597.23
597.24
597.25
597.26
597.27
597.28
597.29
597.3
597.31
597.32
597.33
597.34
597.35
597.36
597.37
597.38
597.39
597.4
597.41
597.42
597.43
597.44
597.45
597.46
597.47
597.48
597.49
597.5
597.51
597.52
597.53
597.54
597.55
597.56
597.57
597.58
597.59
597.6
597.61
597.62
597.63
597.64
597.65
597.66
597.67
597.68
597.69
597.7
597.71
597.72
597.73
597.74
597.75
597.76
597.77
597.78
597.79
597.8
597.81
597.82
597.83
597.84
597.85
597.86
597.87
597.88
597.89
597.9
597.91
597.92
597.93
597.94
597.95
597.96
597.97
597.98
597.99
598
598.01
598.02
598.03
598.04
598.05
598.06
598.07
598.08
598.09
598.1
598.11
598.12
598.13
598.14
598.15
598.16
598.17
598.18
598.19
598.2
598.21
598.22
598.23
598.24
598.25
598.26
598.27
598.28
598.29
598.3
598.31
598.32
598.33
598.34
598.35
598.36
598.37
598.38
598.39
598.4
598.41
598.42
598.43
598.44
598.45
598.46
598.47
598.48
598.49
598.5
598.51
598.52
598.53
598.54
598.55
598.56
598.57
598.58
598.59
598.6
598.61
598.62
598.63
598.64
598.65
598.66
598.67
598.68
598.69
598.7
598.71
598.72
598.73
598.74
598.75
598.76
598.77
598.78
598.79
598.8
598.81
598.82
598.83
598.84
598.85
598.86
598.87
598.88
598.89
598.9
598.91
598.92
598.93
598.94
598.95
598.96
598.97
598.98
598.99
599
599.01
599.02
599.03
599.04
599.05
599.06
599.07
599.08
599.09
599.1
599.11
599.12
599.13
599.14
599.15
599.16
599.17
599.18
599.19
599.2
599.21
599.22
599.23
599.24
599.25
599.26
599.27
599.28
599.29
599.3
599.31
599.32
599.33
599.34
599.35
599.36
599.37
599.38
599.39
599.4
599.41
599.42
599.43
599.44
599.45
599.46
599.47
599.48
599.49
599.5
599.51
599.52
599.53
599.54
599.55
599.56
599.57
599.58
599.59
599.6
599.61
599.62
599.63
599.64
599.65
599.66
599.67
599.68
599.69
599.7
599.71
599.72
599.73
599.74
599.75
599.76
599.77
599.78
599.79
599.8
599.81
599.82
599.83
599.84
599.85
599.86
599.87
599.88
599.89
599.9
599.91
599.92
599.93
599.94
599.95
599.96
599.97
599.98
599.99
600
)
;

boundaryField
{
    upperWall
    {
        type            zeroGradient;
    }
}


// ************************************************************************* //
